0 0.31640625 0.29296875 0.1904296875 0.1689453125
0 0.1875 0.5107421875 0.375 0.3916015625
0 0.4912109375 0.2861328125 0.2138671875 0.181640625
0 0.5224609375 0.1787109375 0.134765625 0.08203125
0 0.0537109375 0.2353515625 0.103515625 0.1005859375
0 0.6787109375 0.166015625 0.1259765625 0.1064453125
0 0.2099609375 0.1611328125 0.1416015625 0.0849609375
0 0.388671875 0.109375 0.111328125 0.05078125
0 0.751953125 0.1337890625 0.068359375 0.064453125
0 0.478515625 0.095703125 0.080078125 0.025390625
0 0.92578125 0.1044921875 0.0390625 0.03515625
0 0.236328125 0.1025390625 0.0634765625 0.03515625
0 0.861328125 0.099609375 0.048828125 0.0302734375
2 0.2392578125 0.390625 0.2890625 0.361328125