0 0.50390625 0.275390625 0.1953125 0.1484375
0 0.4384765625 0.17578125 0.1142578125 0.09765625
0 0.2109375 0.1630859375 0.1396484375 0.083984375
0 0.05078125 0.236328125 0.1005859375 0.0966796875
0 0.55859375 0.1640625 0.115234375 0.083984375
0 0.3896484375 0.1083984375 0.103515625 0.048828125
0 0.75 0.1337890625 0.068359375 0.0654296875
0 0.201171875 0.4697265625 0.37109375 0.3095703125
0 0.662109375 0.1708984375 0.0849609375 0.091796875
0 0.466796875 0.0947265625 0.052734375 0.0224609375
4 0.494140625 0.2373046875 0.2265625 0.23046875
4 0.1396484375 0.197265625 0.279296875 0.17578125
4 0.892578125 0.1044921875 0.103515625 0.046875