0 0.5009765625 0.275390625 0.212890625 0.1455078125
0 0.2099609375 0.462890625 0.36328125 0.3125
0 0.0537109375 0.234375 0.103515625 0.0986328125
0 0.2109375 0.1640625 0.138671875 0.0830078125
4 0.1396484375 0.1982421875 0.279296875 0.177734375
0 0.388671875 0.109375 0.1005859375 0.048828125
0 0.546875 0.16796875 0.1171875 0.080078125
0 0.6826171875 0.1650390625 0.1240234375 0.103515625
0 0.470703125 0.0947265625 0.0615234375 0.0224609375
0 0.4326171875 0.19140625 0.119140625 0.1083984375
0 0.751953125 0.1337890625 0.0693359375 0.0673828125
4 0.7001953125 0.150390625 0.17578125 0.1279296875