3 0.6435546875 0.27734375 0.0712890625 0.0625
3 0.2978515625 0.220703125 0.044921875 0.0458984375
3 0.7607421875 0.2646484375 0.0703125 0.068359375
0 0.7548828125 0.4423828125 0.2490234375 0.2568359375
0 0.8798828125 0.2109375 0.1591796875 0.083984375
0 0.9228515625 0.5263671875 0.154296875 0.23046875
0 0.8154296875 0.7646484375 0.357421875 0.423828125
0 0.359375 0.21875 0.0654296875 0.07421875
0 0.443359375 0.16796875 0.0400390625 0.041015625
1 0.814453125 0.4814453125 0.3701171875 0.2578125
0 0.8564453125 0.3515625 0.1591796875 0.1064453125
0 0.880859375 0.2939453125 0.2314453125 0.0888671875