3 0.2412109375 0.4189453125 0.11328125 0.1513671875
0 0.669921875 0.2314453125 0.130859375 0.2724609375
3 0.939453125 0.5009765625 0.087890625 0.3447265625
0 0.111328125 0.31640625 0.080078125 0.130859375
0 0.537109375 0.138671875 0.0927734375 0.119140625
0 0.3173828125 0.28515625 0.2138671875 0.2109375
0 0.07421875 0.2880859375 0.044921875 0.076171875
3 0.9384765625 0.373046875 0.0703125 0.19921875
0 0.3056640625 0.12890625 0.0693359375 0.0703125
0 0.23046875 0.1484375 0.087890625 0.0615234375
0 0.6162109375 0.0625 0.0595703125 0.0546875
0 0.4091796875 0.07421875 0.0791015625 0.06640625