0 0.31640625 0.283203125 0.197265625 0.181640625
0 0.666015625 0.22265625 0.1533203125 0.2822265625
0 0.310546875 0.14453125 0.060546875 0.0478515625
0 0.1181640625 0.3251953125 0.064453125 0.1201171875
0 0.5283203125 0.1337890625 0.072265625 0.107421875
0 0.625 0.1240234375 0.0791015625 0.1201171875
0 0.255859375 0.142578125 0.0517578125 0.0498046875
0 0.193359375 0.1611328125 0.037109375 0.046875
0 0.0625 0.2783203125 0.03125 0.0595703125
0 0.220703125 0.1552734375 0.0419921875 0.04296875
3 0.5556640625 0.2333984375 0.08203125 0.0869140625
0 0.0751953125 0.291015625 0.03125 0.072265625
2 0.59765625 0.166015625 0.0751953125 0.1416015625