0 0.5146484375 0.1689453125 0.2021484375 0.11328125
3 0.515625 0.0927734375 0.05078125 0.056640625
0 0.15234375 0.140625 0.1357421875 0.08203125
0 0.7685546875 0.7373046875 0.462890625 0.4951171875
0 0.3623046875 0.08984375 0.0771484375 0.060546875
0 0.4365234375 0.0732421875 0.0654296875 0.0498046875
0 0.5029296875 0.0576171875 0.060546875 0.0419921875
2 0.517578125 0.1474609375 0.2001953125 0.14453125
0 0.845703125 0.1123046875 0.046875 0.0771484375
0 0.712890625 0.044921875 0.041015625 0.0419921875
0 0.814453125 0.0634765625 0.0712890625 0.056640625
0 0.923828125 0.115234375 0.0810546875 0.0380859375