0 0.548828125 0.4541015625 0.4443359375 0.4482421875
3 0.697265625 0.84375 0.3935546875 0.294921875
3 0.9208984375 0.8876953125 0.1572265625 0.2236328125
3 0.2080078125 0.16796875 0.0634765625 0.1201171875
3 0.1943359375 0.107421875 0.0458984375 0.0830078125
3 0.1240234375 0.21875 0.052734375 0.111328125
3 0.1220703125 0.115234375 0.025390625 0.0732421875
3 0.0947265625 0.0849609375 0.0244140625 0.05859375
3 0.7314453125 0.111328125 0.0234375 0.07421875
3 0.720703125 0.0947265625 0.0224609375 0.0654296875
3 0.841796875 0.068359375 0.0322265625 0.068359375
0 0.771484375 0.0908203125 0.0576171875 0.1064453125