0 0.5478515625 0.240234375 0.1552734375 0.10546875
0 0.3828125 0.1767578125 0.1181640625 0.123046875
0 0.13671875 0.1484375 0.0595703125 0.07421875
0 0.0947265625 0.1103515625 0.048828125 0.0810546875
0 0.0361328125 0.04296875 0.029296875 0.0703125
0 0.181640625 0.119140625 0.0732421875 0.080078125
0 0.138671875 0.0751953125 0.0517578125 0.0830078125
0 0.1923828125 0.0546875 0.0439453125 0.0478515625
0 0.0771484375 0.0322265625 0.04296875 0.0576171875
0 0.9267578125 0.453125 0.140625 0.1748046875
0 0.2275390625 0.2392578125 0.0576171875 0.0537109375
0 0.2490234375 0.1015625 0.0556640625 0.0595703125
2 0.4765625 0.203125 0.2998046875 0.1826171875