0 0.53125 0.2421875 0.1328125 0.109375
0 0.306640625 0.1259765625 0.0810546875 0.11328125
0 0.1318359375 0.1494140625 0.068359375 0.0849609375
0 0.193359375 0.0537109375 0.044921875 0.046875
0 0.0361328125 0.04296875 0.03125 0.0703125
0 0.138671875 0.072265625 0.048828125 0.0771484375
0 0.927734375 0.447265625 0.142578125 0.1708984375
0 0.0791015625 0.0400390625 0.048828125 0.068359375
0 0.1845703125 0.1201171875 0.06640625 0.078125
0 0.234375 0.099609375 0.0654296875 0.0703125
0 0.9521484375 0.271484375 0.09375 0.205078125
0 0.0390625 0.138671875 0.0400390625 0.095703125
0 0.216796875 0.2568359375 0.0927734375 0.09765625
1 0.4345703125 0.1865234375 0.3369140625 0.2421875