0 0.5322265625 0.2451171875 0.1494140625 0.1416015625
0 0.34765625 0.1533203125 0.1396484375 0.13671875
0 0.1435546875 0.169921875 0.0556640625 0.068359375
0 0.234375 0.1025390625 0.0791015625 0.0771484375
0 0.1376953125 0.0732421875 0.05078125 0.08203125
0 0.1826171875 0.119140625 0.068359375 0.078125
0 0.1923828125 0.0546875 0.04296875 0.0478515625
0 0.0947265625 0.1171875 0.05078125 0.0830078125
0 0.927734375 0.45703125 0.138671875 0.185546875
0 0.0361328125 0.04296875 0.029296875 0.0703125
0 0.9541015625 0.2666015625 0.0888671875 0.2001953125
0 0.0771484375 0.0361328125 0.0458984375 0.0634765625
1 0.443359375 0.2021484375 0.3310546875 0.2392578125