0 0.5380859375 0.625 0.1708984375 0.2587890625
0 0.5986328125 0.51953125 0.30078125 0.232421875
1 0.5986328125 0.578125 0.3212890625 0.3583984375
0 0.6015625 0.31640625 0.1103515625 0.1279296875
0 0.8212890625 0.1474609375 0.048828125 0.0654296875
0 0.6943359375 0.2333984375 0.0751953125 0.119140625
0 0.56640625 0.26953125 0.09765625 0.111328125
0 0.607421875 0.4443359375 0.185546875 0.126953125
0 0.904296875 0.10546875 0.0361328125 0.044921875
0 0.482421875 0.4697265625 0.08984375 0.0947265625
0 0.849609375 0.0654296875 0.0380859375 0.0634765625
4 0.58984375 0.29296875 0.1455078125 0.1669921875