0 0.5849609375 0.23046875 0.1357421875 0.123046875
0 0.4453125 0.21484375 0.087890625 0.15625
0 0.1337890625 0.1552734375 0.0625 0.083984375
0 0.1806640625 0.1181640625 0.076171875 0.08203125
0 0.1376953125 0.0751953125 0.0517578125 0.0849609375
0 0.0361328125 0.0419921875 0.0302734375 0.072265625
0 0.08203125 0.0390625 0.0439453125 0.064453125
0 0.193359375 0.056640625 0.0458984375 0.0498046875
0 0.234375 0.1005859375 0.080078125 0.078125
0 0.9287109375 0.4404296875 0.1396484375 0.1630859375
0 0.951171875 0.2705078125 0.0966796875 0.205078125