0 0.5283203125 0.2470703125 0.1513671875 0.115234375
0 0.2900390625 0.1103515625 0.09375 0.1181640625
0 0.1845703125 0.119140625 0.068359375 0.0791015625
0 0.142578125 0.16796875 0.052734375 0.06640625
0 0.2333984375 0.1015625 0.0595703125 0.0791015625
0 0.927734375 0.4462890625 0.1416015625 0.1650390625
0 0.083984375 0.0869140625 0.064453125 0.14453125
0 0.1943359375 0.0546875 0.0478515625 0.0498046875
0 0.138671875 0.07421875 0.0498046875 0.0810546875
0 0.0361328125 0.0419921875 0.0322265625 0.0732421875
1 0.4248046875 0.1826171875 0.3671875 0.26953125