0 0.6669921875 0.3134765625 0.1923828125 0.21875
0 0.6943359375 0.18359375 0.1318359375 0.09765625
0 0.955078125 0.2705078125 0.08984375 0.201171875
0 0.9287109375 0.4375 0.1416015625 0.142578125
0 0.1318359375 0.1611328125 0.072265625 0.087890625
0 0.181640625 0.1240234375 0.0791015625 0.0810546875
0 0.244140625 0.107421875 0.06640625 0.080078125
0 0.095703125 0.1044921875 0.0517578125 0.0849609375
0 0.13671875 0.0654296875 0.044921875 0.0673828125
0 0.0830078125 0.041015625 0.041015625 0.064453125
0 0.1923828125 0.0576171875 0.0400390625 0.0458984375
4 0.6669921875 0.2783203125 0.2001953125 0.298828125