0 0.298828125 0.8017578125 0.3212890625 0.294921875
3 0.380859375 0.669921875 0.2314453125 0.1591796875
1 0.314453125 0.7607421875 0.3740234375 0.3828125
3 0.3828125 0.482421875 0.080078125 0.16015625
3 0.5185546875 0.453125 0.0556640625 0.1796875
0 0.4560546875 0.34765625 0.1376953125 0.14453125
0 0.7080078125 0.404296875 0.15234375 0.16015625
3 0.6123046875 0.412109375 0.0546875 0.1513671875
0 0.767578125 0.3134765625 0.1279296875 0.14453125
3 0.8779296875 0.447265625 0.048828125 0.138671875
0 0.6337890625 0.306640625 0.11328125 0.125
3 0.6611328125 0.4921875 0.0595703125 0.1806640625
0 0.392578125 0.2685546875 0.10546875 0.12890625
3 0.8994140625 0.552734375 0.064453125 0.1552734375
0 0.9287109375 0.451171875 0.109375 0.17578125
0 0.4462890625 0.2060546875 0.107421875 0.16015625
0 0.3408203125 0.19921875 0.1015625 0.123046875
0 0.5615234375 0.259765625 0.0869140625 0.1201171875
3 0.486328125 0.05859375 0.0263671875 0.0625
0 0.638671875 0.1884765625 0.0771484375 0.1123046875
0 0.408203125 0.078125 0.0654296875 0.0888671875
3 0.24609375 0.6943359375 0.1435546875 0.08203125
0 0.3935546875 0.01953125 0.0576171875 0.0380859375
0 0.5498046875 0.1611328125 0.119140625 0.15234375