0 0.55859375 0.58203125 0.1923828125 0.15234375
0 0.82421875 0.28125 0.0703125 0.056640625
0 0.216796875 0.5556640625 0.11328125 0.1552734375
3 0.4462890625 0.5712890625 0.0419921875 0.142578125
3 0.10546875 0.544921875 0.0361328125 0.0908203125
3 0.6298828125 0.7373046875 0.0439453125 0.1474609375
3 0.3681640625 0.7607421875 0.0478515625 0.15625
3 0.287109375 0.654296875 0.0478515625 0.14453125
3 0.333984375 0.4892578125 0.0390625 0.0947265625
3 0.1650390625 0.341796875 0.0185546875 0.0625
1 0.541015625 0.5791015625 0.234375 0.1708984375