0 0.4443359375 0.669921875 0.16015625 0.0869140625
0 0.4375 0.6943359375 0.099609375 0.0947265625
0 0.5703125 0.6748046875 0.107421875 0.1015625
0 0.6884765625 0.5673828125 0.0810546875 0.0751953125
0 0.505859375 0.5791015625 0.0654296875 0.0654296875
0 0.677734375 0.72265625 0.1044921875 0.1083984375
0 0.3251953125 0.744140625 0.09375 0.0927734375
0 0.248046875 0.791015625 0.11328125 0.083984375
0 0.5458984375 0.572265625 0.05078125 0.0537109375
0 0.154296875 0.45703125 0.0439453125 0.041015625
0 0.091796875 0.45703125 0.0458984375 0.0400390625
0 0.154296875 0.841796875 0.1103515625 0.0654296875
0 0.0302734375 0.501953125 0.060546875 0.046875
0 0.720703125 0.50390625 0.0576171875 0.048828125
0 0.6513671875 0.4677734375 0.0615234375 0.052734375
0 0.052734375 0.462890625 0.044921875 0.044921875
0 0.189453125 0.453125 0.033203125 0.0341796875
0 0.548828125 0.34765625 0.029296875 0.02734375
0 0.6181640625 0.4921875 0.052734375 0.0400390625
0 0.642578125 0.3173828125 0.033203125 0.02734375
0 0.208984375 0.4306640625 0.033203125 0.02734375
0 0.603515625 0.328125 0.0283203125 0.0224609375
0 0.6962890625 0.4208984375 0.0380859375 0.037109375
0 0.6806640625 0.44921875 0.046875 0.037109375
0 0.9384765625 0.291015625 0.015625 0.0185546875
0 0.3046875 0.85546875 0.1923828125 0.041015625
0 0.724609375 0.4111328125 0.03515625 0.033203125
0 0.837890625 0.3759765625 0.046875 0.037109375
0 0.7744140625 0.3720703125 0.0390625 0.029296875
0 0.697265625 0.2890625 0.0166015625 0.0146484375
0 0.8447265625 0.349609375 0.0439453125 0.037109375
0 0.748046875 0.46875 0.072265625 0.0751953125
0 0.7841796875 0.4140625 0.0517578125 0.05078125
0 0.8232421875 0.416015625 0.0341796875 0.0380859375
1 0.4921875 0.6708984375 0.2607421875 0.1005859375