0 0.5185546875 0.69140625 0.158203125 0.0986328125
0 0.560546875 0.7099609375 0.1337890625 0.0869140625
1 0.5341796875 0.69921875 0.1962890625 0.1298828125
0 0.3232421875 0.7451171875 0.1103515625 0.10546875
0 0.67578125 0.724609375 0.1025390625 0.10546875
0 0.673828125 0.591796875 0.0830078125 0.078125
0 0.4462890625 0.6103515625 0.072265625 0.068359375
0 0.0927734375 0.478515625 0.05078125 0.044921875
0 0.7080078125 0.5244140625 0.0546875 0.05078125
0 0.267578125 0.79296875 0.09375 0.0849609375
0 0.240234375 0.435546875 0.037109375 0.0341796875
0 0.6298828125 0.48828125 0.060546875 0.0517578125
0 0.1982421875 0.443359375 0.0390625 0.0361328125
0 0.73046875 0.48828125 0.0703125 0.0830078125
0 0.591796875 0.5087890625 0.0517578125 0.0400390625
0 0.232421875 0.8212890625 0.1142578125 0.107421875
0 0.1328125 0.8583984375 0.1142578125 0.03515625
0 0.150390625 0.4619140625 0.0458984375 0.037109375
0 0.134765625 0.4423828125 0.041015625 0.0322265625
0 0.771484375 0.4677734375 0.0244140625 0.0390625
0 0.5556640625 0.3408203125 0.0341796875 0.03125
0 0.091796875 0.4462890625 0.04296875 0.037109375
0 0.013671875 0.482421875 0.02734375 0.0595703125
0 0.494140625 0.6064453125 0.0556640625 0.0556640625
0 0.6728515625 0.4619140625 0.0390625 0.04296875
0 0.681640625 0.42578125 0.03515625 0.029296875
0 0.8203125 0.3935546875 0.033203125 0.0283203125
0 0.7099609375 0.4140625 0.0380859375 0.029296875
0 0.783203125 0.3720703125 0.0322265625 0.0283203125
0 0.7392578125 0.4033203125 0.0341796875 0.029296875
0 0.8134765625 0.4228515625 0.0234375 0.029296875
0 0.65234375 0.3134765625 0.0234375 0.0244140625
0 0.85546875 0.3134765625 0.0244140625 0.025390625
0 0.8134765625 0.3427734375 0.029296875 0.029296875
0 0.7607421875 0.3818359375 0.03515625 0.0283203125
0 0.61328125 0.322265625 0.029296875 0.021484375
0 0.7802734375 0.419921875 0.048828125 0.05078125
0 0.8388671875 0.3525390625 0.04296875 0.037109375