0 0.578125 0.6962890625 0.1416015625 0.115234375
0 0.5419921875 0.6748046875 0.1630859375 0.0966796875
0 0.677734375 0.580078125 0.0791015625 0.0791015625
0 0.4033203125 0.7158203125 0.1005859375 0.1015625
0 0.2900390625 0.77734375 0.103515625 0.1015625
0 0.486328125 0.591796875 0.0703125 0.068359375
0 0.208984375 0.828125 0.126953125 0.091796875
0 0.0556640625 0.4951171875 0.0625 0.046875
0 0.5302734375 0.58984375 0.0498046875 0.064453125
0 0.646484375 0.4697265625 0.0576171875 0.041015625
0 0.212890625 0.4482421875 0.03515625 0.0341796875
0 0.71875 0.513671875 0.0576171875 0.0498046875
0 0.609375 0.5 0.0556640625 0.0400390625
0 0.109375 0.45703125 0.0419921875 0.0458984375
0 0.173828125 0.4541015625 0.044921875 0.04296875
0 0.8193359375 0.41796875 0.0283203125 0.0341796875
0 0.6103515625 0.328125 0.0234375 0.01953125
0 0.650390625 0.3173828125 0.0244140625 0.0244140625
0 0.7763671875 0.4619140625 0.0224609375 0.04296875
0 0.0693359375 0.458984375 0.0478515625 0.046875
0 0.552734375 0.345703125 0.0302734375 0.02734375
0 0.7373046875 0.4755859375 0.0654296875 0.0732421875
0 0.841796875 0.3515625 0.041015625 0.0361328125
0 0.7216796875 0.4169921875 0.037109375 0.03515625
0 0.748046875 0.404296875 0.0400390625 0.0361328125
0 0.6904296875 0.427734375 0.0361328125 0.0439453125
0 0.6826171875 0.73046875 0.0927734375 0.1005859375
1 0.5556640625 0.6923828125 0.1982421875 0.13671875