0 0.5166015625 0.7216796875 0.1474609375 0.11328125
0 0.6162109375 0.720703125 0.0654296875 0.12109375
0 0.423828125 0.6162109375 0.0751953125 0.0732421875
0 0.689453125 0.7275390625 0.0986328125 0.103515625
0 0.474609375 0.6142578125 0.056640625 0.0546875
0 0.10546875 0.4736328125 0.046875 0.046875
0 0.587890625 0.517578125 0.0595703125 0.04296875
0 0.6787109375 0.5966796875 0.083984375 0.080078125
0 0.236328125 0.8173828125 0.107421875 0.08984375
0 0.0224609375 0.4794921875 0.044921875 0.068359375
0 0.2138671875 0.439453125 0.04296875 0.0361328125
0 0.5634765625 0.33984375 0.0322265625 0.02734375
0 0.705078125 0.5322265625 0.060546875 0.0517578125
0 0.1435546875 0.4404296875 0.0400390625 0.0322265625
0 0.6376953125 0.4765625 0.056640625 0.046875
0 0.619140625 0.3232421875 0.0244140625 0.021484375
0 0.6552734375 0.3134765625 0.0224609375 0.021484375
0 0.7685546875 0.4697265625 0.02734375 0.0400390625
0 0.27734375 0.7685546875 0.1201171875 0.1162109375
0 0.783203125 0.427734375 0.05078125 0.046875
0 0.2490234375 0.4345703125 0.03515625 0.033203125
0 0.1005859375 0.44921875 0.0439453125 0.044921875
0 0.537109375 0.345703125 0.0224609375 0.0263671875
0 0.69140625 0.44921875 0.056640625 0.046875
0 0.7109375 0.4248046875 0.0390625 0.03125
0 0.7490234375 0.509765625 0.033203125 0.0439453125
0 0.736328125 0.40625 0.037109375 0.029296875
0 0.822265625 0.392578125 0.033203125 0.029296875
0 0.2021484375 0.8359375 0.103515625 0.0791015625
0 0.759765625 0.3828125 0.037109375 0.02734375
0 0.671875 0.4619140625 0.0322265625 0.0439453125
0 0.8583984375 0.314453125 0.0205078125 0.021484375
0 0.935546875 0.2939453125 0.017578125 0.01953125
0 0.681640625 0.4287109375 0.0390625 0.029296875
1 0.5498046875 0.7236328125 0.2177734375 0.1337890625
0 0.8427734375 0.3603515625 0.04296875 0.0478515625
0 0.7802734375 0.373046875 0.0341796875 0.0322265625