0 0.328125 0.6357421875 0.0810546875 0.08203125
0 0.6806640625 0.7255859375 0.1044921875 0.1025390625
0 0.7490234375 0.458984375 0.060546875 0.068359375
0 0.392578125 0.6923828125 0.083984375 0.0732421875
0 0.1826171875 0.8330078125 0.115234375 0.08203125
0 0.708984375 0.48828125 0.05078125 0.0439453125
0 0.666015625 0.45703125 0.048828125 0.046875
0 0.0537109375 0.466796875 0.046875 0.037109375
0 0.455078125 0.650390625 0.078125 0.087890625
0 0.3251953125 0.7265625 0.0986328125 0.0654296875
0 0.3896484375 0.818359375 0.1669921875 0.1123046875
0 0.251953125 0.7822265625 0.1044921875 0.0859375
0 0.1484375 0.466796875 0.0380859375 0.0380859375
0 0.544921875 0.5498046875 0.056640625 0.0576171875
0 0.1796875 0.435546875 0.033203125 0.0224609375
0 0.849609375 0.349609375 0.0419921875 0.0380859375
0 0.0126953125 0.470703125 0.025390625 0.0419921875
0 0.79296875 0.416015625 0.0400390625 0.0478515625
0 0.58984375 0.619140625 0.0732421875 0.0673828125
0 0.5947265625 0.3291015625 0.0205078125 0.0224609375
0 0.0283203125 0.501953125 0.0546875 0.0390625
0 0.6328125 0.318359375 0.02734375 0.0283203125
0 0.708984375 0.5390625 0.0595703125 0.064453125
0 0.6923828125 0.4375 0.0419921875 0.033203125
0 0.1044921875 0.4736328125 0.0458984375 0.0439453125
0 0.580078125 0.546875 0.046875 0.041015625
0 0.642578125 0.4765625 0.052734375 0.0400390625
0 0.828125 0.412109375 0.0244140625 0.0283203125
0 0.7861328125 0.4404296875 0.025390625 0.037109375
0 0.8017578125 0.3583984375 0.02734375 0.02734375
0 0.779296875 0.369140625 0.0341796875 0.0263671875
0 0.818359375 0.3486328125 0.0302734375 0.0322265625
0 0.7578125 0.3955078125 0.0390625 0.0341796875
0 0.884765625 0.3310546875 0.025390625 0.029296875
0 0.7353515625 0.4072265625 0.03515625 0.0361328125
0 0.8974609375 0.2998046875 0.0205078125 0.01953125
0 0.8642578125 0.3095703125 0.0234375 0.02734375
0 0.708984375 0.41015625 0.03125 0.033203125
0 0.8466796875 0.37109375 0.033203125 0.0341796875
0 0.7626953125 0.4130859375 0.037109375 0.0380859375
4 0.3818359375 0.671875 0.224609375 0.1689453125
4 0.7607421875 0.4140625 0.27734375 0.21875