0 0.685546875 0.7236328125 0.1044921875 0.1171875
0 0.1923828125 0.826171875 0.119140625 0.0908203125
0 0.5927734375 0.626953125 0.0791015625 0.0869140625
0 0.7080078125 0.5400390625 0.0693359375 0.0693359375
0 0.40234375 0.6884765625 0.08984375 0.08203125
0 0.2626953125 0.7724609375 0.1083984375 0.0859375
0 0.3330078125 0.7236328125 0.09765625 0.0693359375
0 0.451171875 0.646484375 0.0849609375 0.0859375
0 0.548828125 0.546875 0.0595703125 0.056640625
0 0.3369140625 0.6376953125 0.087890625 0.0859375
0 0.1005859375 0.4765625 0.0537109375 0.0458984375
0 0.5849609375 0.5400390625 0.0478515625 0.0458984375
0 0.708984375 0.486328125 0.052734375 0.046875
0 0.1435546875 0.46875 0.0361328125 0.0390625
0 0.6328125 0.3203125 0.025390625 0.0263671875
0 0.0458984375 0.4677734375 0.0478515625 0.037109375
0 0.173828125 0.439453125 0.037109375 0.0283203125
0 0.6513671875 0.470703125 0.05078125 0.04296875
0 0.5947265625 0.330078125 0.021484375 0.0224609375
0 0.3974609375 0.8134765625 0.1650390625 0.1201171875
0 0.5341796875 0.353515625 0.02734375 0.0244140625
0 0.0126953125 0.482421875 0.025390625 0.0546875
0 0.69921875 0.439453125 0.03515625 0.037109375
0 0.7509765625 0.45703125 0.060546875 0.0556640625
0 0.8486328125 0.349609375 0.0390625 0.037109375
0 0.7958984375 0.4091796875 0.0439453125 0.0517578125
0 0.763671875 0.4169921875 0.0419921875 0.044921875
0 0.736328125 0.4091796875 0.0380859375 0.03515625
0 0.8642578125 0.30859375 0.0244140625 0.0283203125
0 0.7822265625 0.3681640625 0.0380859375 0.0263671875
0 0.0205078125 0.4638671875 0.0283203125 0.033203125
0 0.8095703125 0.3564453125 0.0322265625 0.029296875
0 0.888671875 0.3212890625 0.0244140625 0.0302734375
0 0.896484375 0.30078125 0.021484375 0.01953125
4 0.390625 0.654296875 0.2099609375 0.142578125
0 0.935546875 0.287109375 0.015625 0.0166015625
4 0.5771484375 0.5859375 0.1171875 0.17578125
4 0.6923828125 0.5 0.12109375 0.1552734375
4 0.7734375 0.4326171875 0.1025390625 0.1044921875