0 0.5078125 0.7158203125 0.1533203125 0.12890625
0 0.4326171875 0.728515625 0.1171875 0.12109375
0 0.05078125 0.48046875 0.060546875 0.0498046875
0 0.1982421875 0.837890625 0.109375 0.07421875
0 0.6962890625 0.73046875 0.123046875 0.111328125
0 0.6884765625 0.591796875 0.07421875 0.048828125
0 0.7265625 0.49609375 0.0703125 0.08203125
0 0.0400390625 0.4599609375 0.0517578125 0.0380859375
0 0.40234375 0.6318359375 0.0791015625 0.0791015625
0 0.5791015625 0.5244140625 0.060546875 0.0478515625
0 0.263671875 0.4306640625 0.0341796875 0.033203125
0 0.568359375 0.3388671875 0.0341796875 0.029296875
0 0.783203125 0.4296875 0.052734375 0.05078125
0 0.4521484375 0.6240234375 0.0556640625 0.0556640625
0 0.16796875 0.4462890625 0.0654296875 0.0478515625
0 0.6650390625 0.4658203125 0.03515625 0.041015625
0 0.1318359375 0.46875 0.060546875 0.046875
0 0.2314453125 0.4365234375 0.04296875 0.037109375
0 0.6494140625 0.4736328125 0.0380859375 0.041015625
0 0.6787109375 0.4541015625 0.04296875 0.04296875
0 0.1103515625 0.447265625 0.04296875 0.0439453125
0 0.763671875 0.474609375 0.029296875 0.04296875
0 0.625 0.322265625 0.0234375 0.0205078125
0 0.544921875 0.34765625 0.013671875 0.0234375
0 0.701171875 0.42578125 0.04296875 0.03515625
0 0.7041015625 0.5380859375 0.0615234375 0.056640625
1 0.48046875 0.716796875 0.2216796875 0.1376953125
0 0.732421875 0.41796875 0.0361328125 0.04296875
0 0.755859375 0.3876953125 0.0302734375 0.03125
0 0.2314453125 0.7841796875 0.1162109375 0.123046875
0 0.162109375 0.8486328125 0.1025390625 0.048828125
0 0.6171875 0.49609375 0.052734375 0.0576171875