0 0.5625 0.71875 0.138671875 0.1171875
0 0.4365234375 0.6171875 0.0791015625 0.072265625
0 0.6748046875 0.5751953125 0.0771484375 0.04296875
0 0.677734375 0.7255859375 0.1025390625 0.1083984375
0 0.2080078125 0.4423828125 0.0439453125 0.0380859375
0 0.1376953125 0.4501953125 0.0517578125 0.0498046875
0 0.0966796875 0.4462890625 0.04296875 0.0380859375
0 0.482421875 0.611328125 0.056640625 0.056640625
0 0.017578125 0.4765625 0.0341796875 0.0625
0 0.2900390625 0.759765625 0.1201171875 0.1181640625
0 0.7509765625 0.505859375 0.037109375 0.046875
0 0.591796875 0.51171875 0.05859375 0.0439453125
0 0.5615234375 0.3427734375 0.0302734375 0.025390625
0 0.2158203125 0.828125 0.1181640625 0.0947265625
0 0.1005859375 0.4755859375 0.05078125 0.048828125
0 0.2451171875 0.4345703125 0.0390625 0.0341796875
0 0.654296875 0.3134765625 0.021484375 0.021484375
0 0.6787109375 0.44140625 0.0439453125 0.0458984375
0 0.6767578125 0.607421875 0.0771484375 0.056640625
0 0.7705078125 0.4697265625 0.025390625 0.0400390625
0 0.4970703125 0.677734375 0.0966796875 0.0556640625
0 0.619140625 0.3232421875 0.0234375 0.0205078125
0 0.1123046875 0.8525390625 0.111328125 0.046875
0 0.6259765625 0.4892578125 0.0634765625 0.05859375
1 0.5927734375 0.72265625 0.2958984375 0.1455078125