0 0.4462890625 0.68359375 0.1005859375 0.10546875
0 0.560546875 0.66015625 0.083984375 0.09375
0 0.5146484375 0.5732421875 0.0634765625 0.0634765625
0 0.693359375 0.5625 0.0751953125 0.0732421875
0 0.3408203125 0.7333984375 0.095703125 0.0888671875
0 0.6767578125 0.7216796875 0.1064453125 0.1083984375
0 0.2685546875 0.7724609375 0.1123046875 0.080078125
0 0.5546875 0.56640625 0.0517578125 0.0556640625
0 0.1826171875 0.8310546875 0.1064453125 0.080078125
0 0.181640625 0.45703125 0.0400390625 0.0361328125
0 0.14453125 0.4609375 0.0458984375 0.0400390625
0 0.08203125 0.4599609375 0.046875 0.0390625
0 0.71875 0.5 0.0537109375 0.0458984375
0 0.654296875 0.4638671875 0.056640625 0.05078125
0 0.0380859375 0.466796875 0.046875 0.0439453125
0 0.0166015625 0.5068359375 0.033203125 0.044921875
0 0.623046875 0.4853515625 0.0498046875 0.0380859375
0 0.5478515625 0.345703125 0.0283203125 0.02734375
0 0.6396484375 0.3154296875 0.0283203125 0.029296875
0 0.203125 0.431640625 0.0322265625 0.0263671875
0 0.603515625 0.3271484375 0.0244140625 0.0224609375
0 0.8232421875 0.412109375 0.02734375 0.03515625
0 0.6982421875 0.421875 0.0380859375 0.041015625
0 0.6826171875 0.4482421875 0.037109375 0.0341796875
0 0.330078125 0.8447265625 0.1875 0.0595703125
0 0.3564453125 0.6650390625 0.1240234375 0.0888671875
0 0.74609375 0.4697265625 0.068359375 0.0791015625
0 0.07421875 0.4892578125 0.0537109375 0.0400390625
0 0.837890625 0.376953125 0.048828125 0.0361328125
0 0.7255859375 0.4111328125 0.037109375 0.0361328125
0 0.7939453125 0.4130859375 0.0419921875 0.064453125
0 0.748046875 0.392578125 0.0322265625 0.0341796875
1 0.396484375 0.67578125 0.212890625 0.126953125