0 0.44921875 0.7158203125 0.1318359375 0.11328125
0 0.5380859375 0.712890625 0.1650390625 0.1669921875
1 0.50390625 0.7158203125 0.2431640625 0.1728515625
0 0.240234375 0.7802734375 0.119140625 0.1123046875
0 0.6943359375 0.73046875 0.1220703125 0.111328125
0 0.404296875 0.62890625 0.076171875 0.07421875
0 0.041015625 0.4736328125 0.0625 0.0615234375
0 0.6884765625 0.607421875 0.0810546875 0.0791015625
0 0.126953125 0.46875 0.0615234375 0.0458984375
0 0.5654296875 0.3388671875 0.033203125 0.029296875
0 0.580078125 0.5234375 0.0615234375 0.0458984375
0 0.107421875 0.447265625 0.0419921875 0.0439453125
0 0.701171875 0.537109375 0.0595703125 0.0517578125
0 0.4560546875 0.62109375 0.0546875 0.05078125
0 0.2275390625 0.435546875 0.0390625 0.03515625
0 0.154296875 0.4384765625 0.0419921875 0.03125
0 0.611328125 0.5 0.0634765625 0.0556640625
0 0.65625 0.3134765625 0.0224609375 0.0224609375
0 0.2607421875 0.42578125 0.0341796875 0.04296875
0 0.7666015625 0.474609375 0.0263671875 0.044921875
0 0.5419921875 0.3447265625 0.017578125 0.025390625
0 0.630859375 0.478515625 0.0546875 0.0458984375
0 0.6767578125 0.453125 0.0439453125 0.0478515625
0 0.623046875 0.322265625 0.0234375 0.0205078125
0 0.93359375 0.294921875 0.017578125 0.01953125
0 0.8564453125 0.31640625 0.0224609375 0.0224609375
0 0.90234375 0.2890625 0.0224609375 0.01953125
0 0.2041015625 0.8291015625 0.1142578125 0.0888671875
0 0.806640625 0.42578125 0.0244140625 0.0322265625
0 0.7080078125 0.4296875 0.037109375 0.03125
0 0.75390625 0.38671875 0.0361328125 0.0283203125
0 0.1640625 0.8515625 0.0966796875 0.052734375
0 0.7744140625 0.4287109375 0.0576171875 0.0478515625
0 0.73046875 0.4072265625 0.0361328125 0.0361328125
0 0.7724609375 0.37109375 0.0234375 0.029296875
0 0.837890625 0.357421875 0.048828125 0.044921875
0 0.8125 0.33984375 0.0283203125 0.0263671875
0 0.7958984375 0.369140625 0.029296875 0.025390625
0 0.8623046875 0.3447265625 0.0263671875 0.03125
0 0.880859375 0.3251953125 0.0283203125 0.03125
0 0.73046875 0.44921875 0.0556640625 0.0439453125
0 0.8212890625 0.39453125 0.033203125 0.03125
0 0.8984375 0.3017578125 0.0234375 0.0283203125
0 0.7197265625 0.4931640625 0.0712890625 0.0732421875