0 0.2275390625 0.4296875 0.2216796875 0.27734375
0 0.451171875 0.431640625 0.203125 0.26953125
0 0.5595703125 0.333984375 0.14453125 0.2275390625
0 0.8603515625 0.822265625 0.279296875 0.33984375
0 0.12109375 0.7900390625 0.2412109375 0.419921875
3 0.431640625 0.65234375 0.166015625 0.3330078125
3 0.2802734375 0.5341796875 0.126953125 0.2783203125
3 0.0478515625 0.4541015625 0.095703125 0.197265625
3 0.0634765625 0.59375 0.1259765625 0.1796875
3 0.8017578125 0.6220703125 0.1259765625 0.224609375
3 0.916015625 0.6416015625 0.1162109375 0.16015625
0 0.7158203125 0.2900390625 0.1337890625 0.208984375
3 0.0859375 0.2255859375 0.0712890625 0.125
3 0.1962890625 0.259765625 0.0595703125 0.1005859375