0 0.1982421875 0.271484375 0.1455078125 0.1162109375
0 0.3984375 0.5537109375 0.23046875 0.3662109375
0 0.2216796875 0.4248046875 0.2216796875 0.251953125
4 0.3251953125 0.521484375 0.4033203125 0.490234375
3 0.1455078125 0.51171875 0.1240234375 0.2490234375
3 0.166015625 0.8330078125 0.21484375 0.333984375
0 0.771484375 0.7529296875 0.3837890625 0.490234375
0 0.6845703125 0.37109375 0.05859375 0.1416015625
0 0.5546875 0.3447265625 0.1435546875 0.21484375
0 0.697265625 0.271484375 0.1142578125 0.154296875
3 0.35546875 0.3193359375 0.0458984375 0.14453125