0 0.5673828125 0.30078125 0.171875 0.21484375
0 0.6875 0.263671875 0.0849609375 0.1689453125
0 0.6181640625 0.677734375 0.3359375 0.447265625
0 0.244140625 0.7470703125 0.4384765625 0.5009765625
3 0.4990234375 0.8701171875 0.2568359375 0.2587890625
3 0.8876953125 0.8779296875 0.2041015625 0.244140625
3 0.3505859375 0.4453125 0.09375 0.1923828125
0 0.212890625 0.2822265625 0.119140625 0.0908203125
0 0.216796875 0.4111328125 0.203125 0.18359375
3 0.7265625 0.345703125 0.0751953125 0.1044921875
3 0.775390625 0.296875 0.025390625 0.0595703125
3 0.1142578125 0.2021484375 0.0498046875 0.0859375
0 0.912109375 0.7001953125 0.1748046875 0.33984375