0 0.376953125 0.5791015625 0.4140625 0.3662109375
0 0.21484375 0.4375 0.2041015625 0.2783203125
0 0.30078125 0.3388671875 0.1650390625 0.1953125
3 0.416015625 0.3671875 0.060546875 0.1494140625
3 0.3671875 0.365234375 0.0615234375 0.09375
3 0.234375 0.2490234375 0.0458984375 0.08203125
3 0.712890625 0.88671875 0.22265625 0.2265625
0 0.8984375 0.6650390625 0.203125 0.2509765625
0 0.880859375 0.8583984375 0.23828125 0.283203125
0 0.5595703125 0.3505859375 0.13671875 0.2890625
0 0.6796875 0.279296875 0.111328125 0.197265625
4 0.32421875 0.5341796875 0.4013671875 0.4677734375