0 0.7705078125 0.6787109375 0.3427734375 0.3603515625
3 0.91015625 0.623046875 0.1083984375 0.234375
0 0.2294921875 0.435546875 0.2568359375 0.2919921875
0 0.1923828125 0.771484375 0.384765625 0.45703125
0 0.7578125 0.2880859375 0.056640625 0.150390625
0 0.5927734375 0.310546875 0.130859375 0.1767578125
0 0.3095703125 0.31640625 0.17578125 0.2275390625
0 0.0830078125 0.2158203125 0.0595703125 0.0771484375
3 0.1845703125 0.2626953125 0.0693359375 0.12109375
3 0.421875 0.42578125 0.123046875 0.2314453125
3 0.4189453125 0.3662109375 0.0849609375 0.10546875
3 0.509765625 0.3857421875 0.0673828125 0.1484375
3 0.4814453125 0.3388671875 0.068359375 0.150390625
3 0.4345703125 0.306640625 0.052734375 0.1416015625
3 0.5927734375 0.8388671875 0.34375 0.322265625
0 0.9345703125 0.888671875 0.1298828125 0.2216796875