3 0.1572265625 0.5498046875 0.2412109375 0.2490234375
3 0.2587890625 0.3955078125 0.091796875 0.2578125
3 0.1357421875 0.86328125 0.259765625 0.2734375
3 0.89453125 0.7138671875 0.0771484375 0.154296875
3 0.892578125 0.412109375 0.037109375 0.130859375
3 0.7841796875 0.2900390625 0.033203125 0.0791015625
3 0.826171875 0.3291015625 0.0322265625 0.1142578125
3 0.3759765625 0.1630859375 0.07421875 0.158203125
3 0.36328125 0.2412109375 0.076171875 0.123046875
0 0.5615234375 0.60546875 0.46484375 0.7607421875
0 0.732421875 0.4755859375 0.3271484375 0.427734375
2 0.7587890625 0.5322265625 0.3662109375 0.5361328125
0 0.5458984375 0.232421875 0.236328125 0.197265625
0 0.7568359375 0.2353515625 0.1025390625 0.0888671875
0 0.2138671875 0.1826171875 0.1396484375 0.1318359375
0 0.2587890625 0.12109375 0.115234375 0.1259765625