3 0.5205078125 0.421875 0.0234375 0.0693359375
0 0.55859375 0.361328125 0.0517578125 0.068359375
0 0.6494140625 0.375 0.0478515625 0.078125
0 0.3427734375 0.4775390625 0.1064453125 0.1416015625
0 0.515625 0.3349609375 0.0537109375 0.080078125
0 0.4462890625 0.5419921875 0.126953125 0.236328125
3 0.44921875 0.3544921875 0.01953125 0.05859375
0 0.6650390625 0.32421875 0.0341796875 0.0517578125
3 0.6962890625 0.443359375 0.025390625 0.0888671875
0 0.5810546875 0.462890625 0.087890625 0.1767578125
0 0.673828125 0.2822265625 0.025390625 0.037109375
0 0.6484375 0.2998046875 0.0283203125 0.044921875
0 0.646484375 0.255859375 0.021484375 0.0302734375
0 0.6171875 0.263671875 0.021484375 0.0322265625
0 0.5859375 0.2587890625 0.021484375 0.0322265625
3 0.546875 0.3173828125 0.013671875 0.03515625
3 0.5810546875 0.3212890625 0.017578125 0.056640625
0 0.677734375 0.259765625 0.0185546875 0.0302734375
3 0.154296875 0.859375 0.111328125 0.2802734375
3 0.4482421875 0.416015625 0.021484375 0.04296875
3 0.5361328125 0.2919921875 0.0126953125 0.0263671875
4 0.5625 0.33984375 0.048828125 0.1044921875
4 0.6572265625 0.34765625 0.0546875 0.142578125
4 0.58203125 0.46484375 0.0859375 0.1875
4 0.5888671875 0.2587890625 0.025390625 0.046875