0 0.4296875 0.55859375 0.1298828125 0.2294921875
0 0.609375 0.80078125 0.193359375 0.384765625
0 0.533203125 0.40625 0.064453125 0.109375
0 0.6435546875 0.48828125 0.083984375 0.1376953125
0 0.53125 0.3125 0.03515625 0.0615234375
0 0.69140625 0.322265625 0.037109375 0.052734375
3 0.3115234375 0.509765625 0.041015625 0.09765625
0 0.6943359375 0.3974609375 0.0556640625 0.087890625
0 0.583984375 0.326171875 0.0390625 0.056640625
0 0.5830078125 0.265625 0.0234375 0.0390625
0 0.6015625 0.2783203125 0.017578125 0.048828125
4 0.693359375 0.375 0.0625 0.138671875