0 0.5888671875 0.3134765625 0.037109375 0.056640625
0 0.494140625 0.33203125 0.044921875 0.0615234375
0 0.5009765625 0.501953125 0.1103515625 0.1787109375
0 0.6298828125 0.40234375 0.0576171875 0.08984375
0 0.638671875 0.3203125 0.0341796875 0.0537109375
3 0.7001953125 0.4287109375 0.01953125 0.0634765625
0 0.548828125 0.2861328125 0.0361328125 0.05859375
3 0.3623046875 0.3896484375 0.025390625 0.0791015625
0 0.6259765625 0.2705078125 0.021484375 0.0400390625
0 0.5966796875 0.24609375 0.0205078125 0.033203125
3 0.65625 0.69140625 0.052734375 0.240234375
3 0.314453125 0.517578125 0.052734375 0.15234375