0 0.5556640625 0.35546875 0.052734375 0.0888671875
0 0.5 0.33203125 0.0498046875 0.0693359375
0 0.6318359375 0.3427734375 0.04296875 0.06640625
0 0.6083984375 0.41796875 0.07421875 0.138671875
0 0.673828125 0.3154296875 0.033203125 0.0556640625
0 0.5576171875 0.296875 0.03125 0.0390625
3 0.4521484375 0.5322265625 0.033203125 0.10546875
0 0.6484375 0.28125 0.025390625 0.04296875
0 0.6142578125 0.2626953125 0.021484375 0.0302734375
0 0.591796875 0.2744140625 0.0224609375 0.0322265625
0 0.6640625 0.2705078125 0.0166015625 0.033203125
0 0.396484375 0.44140625 0.111328125 0.1748046875
0 0.5986328125 0.2412109375 0.0166015625 0.0224609375
3 0.73828125 0.4912109375 0.03125 0.119140625
3 0.3076171875 0.923828125 0.0908203125 0.15234375
4 0.6142578125 0.3994140625 0.072265625 0.18359375
4 0.408203125 0.466796875 0.1328125 0.2470703125
4 0.5546875 0.33984375 0.052734375 0.130859375
4 0.6650390625 0.2939453125 0.0537109375 0.0888671875