2 0.56640625 0.82421875 0.8671875 0.3515625
4 0.208984375 0.3310546875 0.416015625 0.662109375
4 0.39453125 0.232421875 0.34765625 0.46484375
1 0.7294921875 0.154296875 0.2109375 0.169921875
4 0.9228515625 0.19921875 0.154296875 0.23046875
4 0.275390625 0.486328125 0.2919921875 0.3466796875
4 0.1240234375 0.638671875 0.240234375 0.369140625
4 0.392578125 0.302734375 0.1767578125 0.2548828125
2 0.3994140625 0.83203125 0.533203125 0.3291015625
0 0.4296875 0.8017578125 0.6083984375 0.306640625
0 0.09375 0.6318359375 0.1826171875 0.373046875
0 0.1728515625 0.595703125 0.173828125 0.2734375
0 0.2412109375 0.5439453125 0.2080078125 0.2421875
0 0.3134765625 0.431640625 0.2158203125 0.2529296875
0 0.38671875 0.3759765625 0.1435546875 0.169921875
0 0.40625 0.341796875 0.1513671875 0.154296875
0 0.396484375 0.2568359375 0.2060546875 0.212890625
0 0.689453125 0.154296875 0.130859375 0.158203125
0 0.7724609375 0.166015625 0.119140625 0.1376953125
0 0.9228515625 0.216796875 0.154296875 0.1904296875
0 0.490234375 0.2392578125 0.140625 0.2001953125
0 0.669921875 0.669921875 0.3984375 0.2236328125