0 0.4736328125 0.4140625 0.158203125 0.185546875
0 0.3720703125 0.32421875 0.1005859375 0.126953125
0 0.3076171875 0.2607421875 0.072265625 0.095703125
0 0.2587890625 0.2177734375 0.05859375 0.0830078125
0 0.671875 0.3291015625 0.0771484375 0.11328125
0 0.7451171875 0.330078125 0.1005859375 0.095703125
0 0.8583984375 0.341796875 0.0478515625 0.0625
3 0.6630859375 0.365234375 0.0458984375 0.08984375
3 0.216796875 0.326171875 0.033203125 0.1181640625
3 0.244140625 0.2861328125 0.0234375 0.068359375
3 0.1884765625 0.23046875 0.0185546875 0.0546875
3 0.2177734375 0.2265625 0.013671875 0.0400390625
3 0.822265625 0.3408203125 0.0224609375 0.0380859375