0 0.419921875 0.3759765625 0.15625 0.189453125
0 0.31640625 0.287109375 0.1044921875 0.126953125
0 0.2490234375 0.2216796875 0.072265625 0.0986328125
0 0.890625 0.8662109375 0.0986328125 0.24609375
0 0.6923828125 0.291015625 0.0888671875 0.0947265625
0 0.8154296875 0.302734375 0.0625 0.0625
0 0.9208984375 0.439453125 0.0390625 0.08203125
0 0.6201171875 0.283203125 0.080078125 0.103515625
0 0.2001953125 0.1884765625 0.0517578125 0.0869140625
0 0.095703125 0.1318359375 0.0302734375 0.0439453125
3 0.1181640625 0.2109375 0.0185546875 0.0673828125
3 0.1474609375 0.1943359375 0.013671875 0.0517578125
3 0.1142578125 0.17578125 0.013671875 0.0419921875