3 0.365234375 0.52734375 0.0947265625 0.220703125
0 0.2685546875 0.7587890625 0.390625 0.396484375
0 0.4150390625 0.3896484375 0.1591796875 0.1875
0 0.314453125 0.30078125 0.1025390625 0.12890625
0 0.2451171875 0.2353515625 0.072265625 0.0927734375
0 0.8857421875 0.8671875 0.0986328125 0.25390625
0 0.685546875 0.29296875 0.0927734375 0.0908203125
3 0.2587890625 0.3427734375 0.0439453125 0.119140625
3 0.162109375 0.2490234375 0.0185546875 0.0625
3 0.1337890625 0.2294921875 0.0146484375 0.0634765625
3 0.6064453125 0.3359375 0.041015625 0.08984375
0 0.189453125 0.1953125 0.046875 0.07421875
0 0.61328125 0.294921875 0.076171875 0.1083984375
0 0.8076171875 0.3134765625 0.0625 0.064453125
0 0.2470703125 0.18359375 0.0478515625 0.041015625
0 0.0927734375 0.1611328125 0.0283203125 0.048828125
3 0.763671875 0.3056640625 0.03515625 0.046875
0 0.9169921875 0.451171875 0.0390625 0.0849609375