0 0.51953125 0.6728515625 0.3203125 0.369140625
0 0.3818359375 0.384765625 0.1611328125 0.189453125
0 0.27734375 0.29296875 0.1015625 0.126953125
3 0.2587890625 0.3671875 0.0556640625 0.1279296875
3 0.1494140625 0.2568359375 0.0234375 0.0888671875
3 0.107421875 0.240234375 0.015625 0.078125
3 0.5712890625 0.3349609375 0.0517578125 0.0849609375
0 0.5810546875 0.2998046875 0.072265625 0.09765625
0 0.6474609375 0.2958984375 0.08984375 0.10546875
0 0.751953125 0.3125 0.048828125 0.0634765625
0 0.8779296875 0.4453125 0.0341796875 0.0810546875
0 0.2099609375 0.23046875 0.0712890625 0.0947265625
0 0.1611328125 0.19140625 0.0498046875 0.07421875
3 0.7275390625 0.3115234375 0.0322265625 0.0439453125
0 0.84765625 0.859375 0.0966796875 0.259765625