3 0.685546875 0.380859375 0.01171875 0.03125
3 0.7255859375 0.46875 0.021484375 0.06640625
0 0.6376953125 0.3359375 0.0478515625 0.0341796875
3 0.35546875 0.3671875 0.0126953125 0.0380859375
3 0.166015625 0.3564453125 0.0244140625 0.041015625
0 0.5869140625 0.32421875 0.0439453125 0.03515625
3 0.7255859375 0.4853515625 0.0185546875 0.0498046875
0 0.2509765625 0.2939453125 0.0234375 0.0263671875
3 0.3994140625 0.3623046875 0.013671875 0.04296875
0 0.2685546875 0.29296875 0.0166015625 0.021484375
0 0.369140625 0.357421875 0.0341796875 0.056640625
3 0.208984375 0.3427734375 0.0205078125 0.04296875
0 0.3671875 0.314453125 0.044921875 0.0419921875
3 0.4287109375 0.31640625 0.0205078125 0.033203125
3 0.474609375 0.3349609375 0.021484375 0.03515625
3 0.486328125 0.3310546875 0.017578125 0.0361328125
3 0.404296875 0.349609375 0.01171875 0.04296875
3 0.5146484375 0.33203125 0.0224609375 0.0302734375
3 0.5322265625 0.337890625 0.0244140625 0.037109375
3 0.5654296875 0.3310546875 0.01953125 0.0341796875
3 0.5537109375 0.3251953125 0.01953125 0.0302734375
3 0.548828125 0.376953125 0.0126953125 0.0478515625
3 0.5595703125 0.3837890625 0.01171875 0.05078125
3 0.57421875 0.376953125 0.013671875 0.0546875
0 0.7431640625 0.34375 0.0380859375 0.044921875
3 0.2109375 0.298828125 0.0107421875 0.029296875
3 0.232421875 0.294921875 0.009765625 0.0263671875
3 0.2431640625 0.2958984375 0.01171875 0.0302734375
4 0.560546875 0.3271484375 0.02734375 0.037109375
4 0.5234375 0.3359375 0.0361328125 0.0361328125
4 0.4794921875 0.3349609375 0.029296875 0.03515625
4 0.5537109375 0.3818359375 0.0205078125 0.05859375
4 0.4013671875 0.3564453125 0.0146484375 0.048828125
4 0.3681640625 0.3603515625 0.041015625 0.0576171875
3 0.384765625 0.330078125 0.015625 0.029296875
4 0.37109375 0.34765625 0.0439453125 0.076171875
4 0.3701171875 0.3203125 0.048828125 0.048828125
4 0.7275390625 0.470703125 0.0283203125 0.0888671875
4 0.5791015625 0.328125 0.0654296875 0.041015625