0 0.486328125 0.4189453125 0.0498046875 0.0791015625
0 0.4580078125 0.3740234375 0.0400390625 0.0654296875
0 0.4208984375 0.3642578125 0.0322265625 0.0556640625
0 0.552734375 0.4287109375 0.0458984375 0.0771484375
3 0.630859375 0.4892578125 0.021484375 0.0751953125
0 0.509765625 0.388671875 0.03515625 0.0654296875
0 0.564453125 0.4013671875 0.03515625 0.0654296875
0 0.62109375 0.3984375 0.0322265625 0.0537109375
0 0.5595703125 0.3662109375 0.0302734375 0.04296875
0 0.2451171875 0.2958984375 0.0224609375 0.0263671875
0 0.603515625 0.3837890625 0.025390625 0.0478515625
3 0.427734375 0.6298828125 0.0419921875 0.1162109375
0 0.4404296875 0.3291015625 0.0537109375 0.0361328125
3 0.53125 0.3701171875 0.0146484375 0.0419921875
0 0.265625 0.294921875 0.0185546875 0.02734375
3 0.712890625 0.552734375 0.0380859375 0.1240234375
3 0.349609375 0.357421875 0.0185546875 0.0517578125
3 0.365234375 0.3564453125 0.0126953125 0.048828125
3 0.3837890625 0.3544921875 0.0185546875 0.0498046875
3 0.4013671875 0.353515625 0.0126953125 0.048828125
3 0.6845703125 0.3564453125 0.0263671875 0.044921875
3 0.6640625 0.3486328125 0.025390625 0.0400390625
0 0.2236328125 0.2958984375 0.0263671875 0.03515625
4 0.6162109375 0.3935546875 0.05078125 0.0869140625
3 0.591796875 0.390625 0.0126953125 0.0517578125
3 0.5849609375 0.3818359375 0.0087890625 0.048828125
4 0.5576171875 0.4091796875 0.05078125 0.1259765625
4 0.49609375 0.40234375 0.0625 0.0966796875
4 0.4755859375 0.396484375 0.0732421875 0.1142578125
4 0.3896484375 0.361328125 0.0927734375 0.0634765625
4 0.44140625 0.357421875 0.0732421875 0.09375