0 0.7470703125 0.7392578125 0.134765625 0.2333984375
0 0.458984375 0.373046875 0.0419921875 0.0654296875
0 0.4208984375 0.3642578125 0.033203125 0.056640625
0 0.5517578125 0.4306640625 0.046875 0.080078125
0 0.5068359375 0.3896484375 0.0380859375 0.06640625
0 0.5634765625 0.3984375 0.0380859375 0.068359375
0 0.248046875 0.94140625 0.3017578125 0.1162109375
3 0.3486328125 0.36328125 0.0107421875 0.0302734375
0 0.62109375 0.40234375 0.0341796875 0.064453125
0 0.7080078125 0.3681640625 0.041015625 0.05078125
0 0.55859375 0.369140625 0.0322265625 0.0458984375
0 0.603515625 0.3828125 0.0263671875 0.0478515625
0 0.244140625 0.2958984375 0.0205078125 0.0263671875
0 0.265625 0.294921875 0.01953125 0.02734375
3 0.5810546875 0.333984375 0.0166015625 0.0263671875
3 0.537109375 0.369140625 0.013671875 0.0390625
3 0.365234375 0.35546875 0.0146484375 0.0439453125
3 0.3828125 0.353515625 0.015625 0.048828125
3 0.4013671875 0.35546875 0.0126953125 0.046875
3 0.607421875 0.44140625 0.0263671875 0.0791015625
4 0.615234375 0.396484375 0.046875 0.076171875
4 0.6083984375 0.412109375 0.0634765625 0.1171875
4 0.5576171875 0.4111328125 0.0517578125 0.125
4 0.5341796875 0.3662109375 0.01953125 0.0537109375
4 0.4111328125 0.369140625 0.138671875 0.09765625
4 0.564453125 0.408203125 0.15234375 0.1328125