0 0.73828125 0.716796875 0.1376953125 0.23828125
0 0.4560546875 0.37890625 0.0458984375 0.0693359375
0 0.4208984375 0.3642578125 0.0322265625 0.052734375
0 0.568359375 0.466796875 0.0546875 0.1005859375
0 0.5078125 0.38671875 0.0322265625 0.05078125
0 0.5634765625 0.3955078125 0.0400390625 0.0546875
3 0.3486328125 0.3623046875 0.01171875 0.0302734375
0 0.6826171875 0.4140625 0.041015625 0.0673828125
0 0.556640625 0.37109375 0.0322265625 0.0498046875
0 0.62109375 0.3974609375 0.033203125 0.0537109375
0 0.6025390625 0.3828125 0.0263671875 0.046875
0 0.2451171875 0.2958984375 0.0244140625 0.0263671875
3 0.6240234375 0.4169921875 0.021484375 0.0478515625
0 0.2646484375 0.294921875 0.017578125 0.029296875
3 0.365234375 0.357421875 0.015625 0.0498046875
3 0.3818359375 0.3525390625 0.0166015625 0.0556640625
3 0.4013671875 0.3544921875 0.015625 0.0546875
3 0.5322265625 0.369140625 0.015625 0.0546875
4 0.615234375 0.3984375 0.048828125 0.0927734375
4 0.5654296875 0.4306640625 0.0478515625 0.1806640625
4 0.5517578125 0.3759765625 0.05859375 0.099609375
4 0.4423828125 0.3740234375 0.0673828125 0.0908203125
4 0.3759765625 0.353515625 0.0732421875 0.080078125