0 0.474609375 0.38671875 0.146484375 0.2001953125
0 0.3720703125 0.3046875 0.1025390625 0.12890625
0 0.3095703125 0.2451171875 0.072265625 0.0986328125
0 0.7451171875 0.3134765625 0.09765625 0.095703125
0 0.8681640625 0.3232421875 0.064453125 0.0654296875
0 0.6748046875 0.306640625 0.078125 0.111328125
0 0.2548828125 0.208984375 0.056640625 0.0810546875
0 0.20703125 0.171875 0.04296875 0.056640625
0 0.158203125 0.16015625 0.0263671875 0.0517578125
3 0.6630859375 0.349609375 0.0458984375 0.0634765625
3 0.2294921875 0.345703125 0.0263671875 0.0966796875
3 0.2529296875 0.28125 0.021484375 0.0712890625
3 0.216796875 0.2080078125 0.015625 0.04296875
3 0.1953125 0.2255859375 0.0126953125 0.0498046875
3 0.185546875 0.2119140625 0.013671875 0.0517578125
3 0.8271484375 0.31640625 0.0400390625 0.0478515625