0 0.4423828125 0.3916015625 0.1484375 0.1904296875
0 0.341796875 0.3056640625 0.10546875 0.126953125
0 0.2744140625 0.2392578125 0.0712890625 0.0947265625
0 0.7119140625 0.3115234375 0.0888671875 0.09375
0 0.9013671875 0.8759765625 0.083984375 0.244140625
0 0.2236328125 0.205078125 0.0576171875 0.0849609375
0 0.8369140625 0.32421875 0.0654296875 0.064453125
0 0.27734375 0.193359375 0.052734375 0.0537109375
0 0.6416015625 0.3056640625 0.0771484375 0.1064453125
3 0.6279296875 0.3466796875 0.0439453125 0.0771484375
3 0.1474609375 0.2451171875 0.0146484375 0.060546875
3 0.177734375 0.2236328125 0.0126953125 0.0556640625
3 0.1982421875 0.220703125 0.0166015625 0.0498046875