0 0.533203125 0.4453125 0.0869140625 0.1025390625
0 0.6318359375 0.33984375 0.0390625 0.0576171875
0 0.7412109375 0.3203125 0.033203125 0.046875
0 0.7607421875 0.4150390625 0.060546875 0.09375
0 0.2607421875 0.2685546875 0.044921875 0.0283203125
0 0.541015625 0.2783203125 0.0498046875 0.0302734375
0 0.59765625 0.392578125 0.0478515625 0.0654296875
0 0.6767578125 0.318359375 0.0341796875 0.044921875
0 0.634765625 0.3046875 0.03515625 0.044921875
0 0.4501953125 0.259765625 0.0439453125 0.0263671875
0 0.359375 0.267578125 0.0439453125 0.0283203125
3 0.5498046875 0.52734375 0.0361328125 0.123046875
0 0.533203125 0.2900390625 0.0244140625 0.033203125
0 0.716796875 0.2939453125 0.0224609375 0.029296875
4 0.6337890625 0.3251953125 0.037109375 0.087890625
4 0.73046875 0.3095703125 0.052734375 0.0673828125
4 0.5361328125 0.4931640625 0.095703125 0.2060546875