0 0.470703125 0.4013671875 0.1533203125 0.1787109375
0 0.3671875 0.310546875 0.1044921875 0.1279296875
0 0.30078125 0.244140625 0.0732421875 0.095703125
0 0.7314453125 0.322265625 0.09375 0.0966796875
0 0.66796875 0.318359375 0.0771484375 0.10546875
0 0.8623046875 0.3310546875 0.0634765625 0.068359375
0 0.9140625 0.8837890625 0.0546875 0.224609375
0 0.150390625 0.1572265625 0.02734375 0.04296875
0 0.251953125 0.208984375 0.05078125 0.0791015625
3 0.18359375 0.2607421875 0.0205078125 0.0771484375
3 0.21484375 0.244140625 0.015625 0.0556640625
3 0.1728515625 0.2080078125 0.009765625 0.044921875
0 0.2978515625 0.1875 0.04296875 0.0341796875
3 0.654296875 0.3486328125 0.044921875 0.078125
3 0.8134765625 0.322265625 0.0390625 0.05078125