0 0.44140625 0.3974609375 0.154296875 0.17578125
0 0.3369140625 0.298828125 0.099609375 0.126953125
0 0.2705078125 0.2353515625 0.068359375 0.0888671875
0 0.7060546875 0.3056640625 0.0966796875 0.0927734375
0 0.6396484375 0.3037109375 0.0771484375 0.1083984375
0 0.90234375 0.875 0.080078125 0.2470703125
0 0.833984375 0.31640625 0.0634765625 0.068359375
0 0.216796875 0.2041015625 0.0576171875 0.0830078125
0 0.1220703125 0.1669921875 0.0234375 0.0400390625
0 0.1640625 0.1689453125 0.033203125 0.0546875
3 0.6279296875 0.345703125 0.0478515625 0.0791015625
3 0.2705078125 0.458984375 0.048828125 0.1630859375
3 0.1533203125 0.2236328125 0.0166015625 0.06640625
3 0.17578125 0.2333984375 0.015625 0.0634765625
3 0.2578125 0.318359375 0.0380859375 0.107421875
3 0.7900390625 0.310546875 0.0361328125 0.0478515625
0 0.109375 0.154296875 0.015625 0.0341796875
0 0.2705078125 0.185546875 0.0400390625 0.0322265625