0 0.4990234375 0.505859375 0.0986328125 0.150390625
0 0.39453125 0.62890625 0.1630859375 0.2041015625
0 0.6474609375 0.4560546875 0.0791015625 0.1328125
0 0.7490234375 0.50390625 0.0810546875 0.1357421875
0 0.568359375 0.4228515625 0.0712890625 0.0966796875
0 0.6083984375 0.5556640625 0.0947265625 0.142578125
0 0.4453125 0.4326171875 0.07421875 0.0849609375
0 0.8388671875 0.3955078125 0.05078125 0.080078125
0 0.763671875 0.4248046875 0.0576171875 0.0830078125
0 0.55859375 0.3330078125 0.04296875 0.060546875
0 0.0830078125 0.9453125 0.1630859375 0.1044921875
0 0.6015625 0.3798828125 0.052734375 0.06640625
0 0.7451171875 0.3759765625 0.044921875 0.0673828125
0 0.625 0.345703125 0.0439453125 0.05859375
0 0.44921875 0.2763671875 0.0400390625 0.041015625
0 0.5576171875 0.3046875 0.037109375 0.0419921875
0 0.7421875 0.3388671875 0.037109375 0.048828125
0 0.6943359375 0.3203125 0.033203125 0.04296875
0 0.6337890625 0.3212890625 0.0390625 0.044921875
0 0.685546875 0.35546875 0.04296875 0.060546875
3 0.7890625 0.3662109375 0.013671875 0.05078125
3 0.7998046875 0.326171875 0.0087890625 0.0419921875
3 0.779296875 0.3203125 0.0087890625 0.0390625
3 0.7685546875 0.32421875 0.01171875 0.0390625
0 0.740234375 0.298828125 0.021484375 0.0400390625
3 0.7333984375 0.2763671875 0.009765625 0.0244140625
3 0.763671875 0.29296875 0.0107421875 0.0283203125
3 0.7880859375 0.306640625 0.009765625 0.0439453125
3 0.5234375 0.27734375 0.0185546875 0.0361328125
4 0.7421875 0.34765625 0.03515625 0.1162109375
4 0.783203125 0.3095703125 0.0283203125 0.0625
4 0.68359375 0.341796875 0.0439453125 0.0927734375
4 0.615234375 0.3525390625 0.0673828125 0.0966796875
4 0.5556640625 0.3203125 0.0458984375 0.0830078125
4 0.4814453125 0.478515625 0.1376953125 0.1943359375
4 0.6220703125 0.5126953125 0.1142578125 0.228515625