0 0.2099609375 0.4599609375 0.3671875 0.3310546875
0 0.4931640625 0.2744140625 0.2177734375 0.1572265625
0 0.4580078125 0.1943359375 0.158203125 0.0947265625
0 0.2109375 0.1611328125 0.1396484375 0.083984375
0 0.681640625 0.1689453125 0.1240234375 0.1015625
0 0.5107421875 0.1240234375 0.1142578125 0.0615234375
0 0.0537109375 0.2353515625 0.103515625 0.099609375
0 0.388671875 0.109375 0.107421875 0.05078125
0 0.6376953125 0.1123046875 0.0703125 0.0546875
0 0.751953125 0.1318359375 0.0703125 0.0625
0 0.92578125 0.103515625 0.0380859375 0.0361328125
0 0.2578125 0.0966796875 0.0703125 0.02734375
0 0.861328125 0.0986328125 0.048828125 0.0302734375
0 0.474609375 0.0966796875 0.07421875 0.0263671875
3 0.490234375 0.251953125 0.2255859375 0.21875