0 0.37890625 0.2607421875 0.1435546875 0.15625
0 0.05078125 0.2373046875 0.1005859375 0.09765625
0 0.529296875 0.1748046875 0.1201171875 0.078125
0 0.208984375 0.1640625 0.138671875 0.083984375
0 0.666015625 0.166015625 0.0966796875 0.1015625
0 0.388671875 0.109375 0.1025390625 0.048828125
0 0.7509765625 0.1337890625 0.0693359375 0.0634765625
0 0.4716796875 0.0947265625 0.0634765625 0.0224609375
0 0.5068359375 0.27734375 0.1865234375 0.14453125
0 0.203125 0.4638671875 0.3818359375 0.2822265625
2 0.4541015625 0.265625 0.2978515625 0.18359375
0 0.13671875 0.134765625 0.056640625 0.0400390625