0 0.5 0.2763671875 0.2001953125 0.1328125
0 0.2099609375 0.4453125 0.3408203125 0.255859375
0 0.3623046875 0.2353515625 0.1435546875 0.09765625
0 0.4951171875 0.134765625 0.1142578125 0.0732421875
0 0.6767578125 0.16796875 0.119140625 0.103515625
0 0.388671875 0.109375 0.1064453125 0.05078125
0 0.6259765625 0.1220703125 0.076171875 0.064453125
0 0.0537109375 0.234375 0.103515625 0.099609375
0 0.2099609375 0.1611328125 0.1396484375 0.083984375
0 0.7509765625 0.1328125 0.0693359375 0.0654296875
0 0.4775390625 0.0966796875 0.080078125 0.0263671875
0 0.92578125 0.1044921875 0.0380859375 0.0361328125
0 0.861328125 0.099609375 0.048828125 0.0302734375
4 0.1435546875 0.1962890625 0.2861328125 0.1787109375
4 0.4482421875 0.259765625 0.3095703125 0.1591796875