0 0.3544921875 0.2421875 0.1767578125 0.107421875
0 0.205078125 0.466796875 0.365234375 0.310546875
0 0.494140625 0.2744140625 0.216796875 0.1572265625
0 0.4931640625 0.134765625 0.1142578125 0.0732421875
0 0.3896484375 0.109375 0.1064453125 0.05078125
0 0.6240234375 0.1240234375 0.0791015625 0.06640625
0 0.0537109375 0.234375 0.103515625 0.099609375
0 0.2099609375 0.1611328125 0.1396484375 0.083984375
0 0.673828125 0.1669921875 0.1123046875 0.103515625
0 0.7509765625 0.1328125 0.0693359375 0.064453125
0 0.4765625 0.0966796875 0.078125 0.0263671875