0 0.216796875 0.4677734375 0.333984375 0.279296875
0 0.068359375 0.396484375 0.1328125 0.14453125
0 0.494140625 0.2763671875 0.212890625 0.154296875
0 0.0517578125 0.2373046875 0.1025390625 0.0986328125
0 0.576171875 0.1552734375 0.1123046875 0.0869140625
0 0.3896484375 0.1083984375 0.10546875 0.048828125
0 0.2109375 0.1630859375 0.1396484375 0.083984375
0 0.4501953125 0.162109375 0.1103515625 0.0888671875
0 0.677734375 0.162109375 0.107421875 0.0859375
0 0.7509765625 0.1328125 0.0703125 0.06640625
0 0.478515625 0.095703125 0.08203125 0.025390625
4 0.6279296875 0.16015625 0.2177734375 0.0986328125