0 0.7470703125 0.4326171875 0.2548828125 0.2431640625
0 0.9296875 0.5146484375 0.140625 0.2041015625
0 0.8232421875 0.771484375 0.3515625 0.408203125
0 0.3603515625 0.21875 0.05859375 0.07421875
3 0.5986328125 0.2685546875 0.0703125 0.076171875
0 0.8388671875 0.3505859375 0.193359375 0.1376953125
0 0.9677734375 0.2685546875 0.064453125 0.07421875
3 0.3154296875 0.2138671875 0.0302734375 0.0576171875
0 0.7998046875 0.28125 0.2529296875 0.0888671875
0 0.9248046875 0.2099609375 0.150390625 0.087890625
0 0.8984375 0.291015625 0.0986328125 0.0732421875
1 0.873046875 0.4775390625 0.2529296875 0.2216796875