0 0.7236328125 0.279296875 0.1640625 0.2705078125
0 0.201171875 0.142578125 0.078125 0.12109375
0 0.0654296875 0.11328125 0.0625 0.0810546875
0 0.0283203125 0.1279296875 0.0390625 0.06640625
0 0.009765625 0.1259765625 0.01953125 0.05078125
0 0.763671875 0.1416015625 0.103515625 0.1494140625
0 0.8720703125 0.1064453125 0.0380859375 0.0849609375
3 0.8212890625 0.072265625 0.0263671875 0.0859375
3 0.716796875 0.0849609375 0.0419921875 0.09375
3 0.79296875 0.0830078125 0.02734375 0.0732421875
3 0.1279296875 0.1240234375 0.0556640625 0.1083984375
3 0.0810546875 0.16015625 0.0439453125 0.11328125