0 0.4638671875 0.369140625 0.12890625 0.15234375
0 0.6474609375 0.32421875 0.1220703125 0.1455078125
0 0.765625 0.45703125 0.150390625 0.181640625
3 0.923828125 0.6650390625 0.083984375 0.158203125
0 0.0986328125 0.677734375 0.18359375 0.2529296875
0 0.818359375 0.3583984375 0.13671875 0.1533203125
0 0.408203125 0.2783203125 0.1259765625 0.125
3 0.353515625 0.5234375 0.05859375 0.12109375
0 0.7724609375 0.2578125 0.1396484375 0.10546875
3 0.6923828125 0.60546875 0.0712890625 0.1533203125
0 0.3408203125 0.2041015625 0.1015625 0.123046875
0 0.44921875 0.2060546875 0.107421875 0.1611328125
3 0.619140625 0.4736328125 0.0546875 0.109375
3 0.501953125 0.5380859375 0.048828125 0.1220703125
0 0.5693359375 0.26171875 0.1064453125 0.123046875
0 0.447265625 0.05859375 0.0859375 0.1123046875
3 0.9111328125 0.53125 0.056640625 0.13671875
3 0.9716796875 0.560546875 0.033203125 0.140625
0 0.5556640625 0.1396484375 0.10546875 0.123046875