0 0.36328125 0.5390625 0.1923828125 0.125
0 0.8251953125 0.283203125 0.068359375 0.0517578125
0 0.287109375 0.421875 0.0751953125 0.099609375
3 0.19140625 0.46875 0.0302734375 0.060546875
3 0.3916015625 0.6044921875 0.0576171875 0.1484375
3 0.169921875 0.7216796875 0.0673828125 0.177734375
3 0.6298828125 0.6728515625 0.0546875 0.1572265625
3 0.376953125 0.3974609375 0.0263671875 0.0576171875
3 0.291015625 0.5283203125 0.05859375 0.09765625
3 0.1123046875 0.3916015625 0.0400390625 0.06640625
2 0.3515625 0.5380859375 0.2451171875 0.1787109375