3 0.556640625 0.212890625 0.09375 0.099609375
0 0.5302734375 0.1259765625 0.0888671875 0.1044921875
0 0.1123046875 0.318359375 0.080078125 0.12890625
0 0.07421875 0.2880859375 0.046875 0.0771484375
0 0.3056640625 0.12890625 0.0693359375 0.0703125
0 0.6669921875 0.212890625 0.158203125 0.302734375
0 0.251953125 0.142578125 0.0595703125 0.0546875
0 0.193359375 0.1611328125 0.0380859375 0.046875
0 0.31640625 0.2841796875 0.21484375 0.21484375
0 0.6240234375 0.1103515625 0.078125 0.1455078125
2 0.5888671875 0.15625 0.109375 0.203125