0 0.5283203125 0.23828125 0.15625 0.16015625
0 0.63671875 0.220703125 0.0908203125 0.109375
2 0.568359375 0.236328125 0.2392578125 0.1689453125
0 0.1943359375 0.056640625 0.0478515625 0.05078125
0 0.1376953125 0.1572265625 0.052734375 0.0654296875
0 0.138671875 0.0732421875 0.05078125 0.08203125
0 0.0927734375 0.103515625 0.0556640625 0.0830078125
0 0.2353515625 0.1015625 0.0791015625 0.078125
0 0.181640625 0.1181640625 0.07421875 0.0810546875
0 0.0830078125 0.041015625 0.04296875 0.0654296875
0 0.951171875 0.271484375 0.09765625 0.2080078125
0 0.470703125 0.2490234375 0.0439453125 0.1005859375
0 0.927734375 0.4384765625 0.140625 0.146484375