0 0.3232421875 0.27734375 0.1923828125 0.1357421875
0 0.498046875 0.279296875 0.216796875 0.1533203125
0 0.2119140625 0.1640625 0.1396484375 0.083984375
0 0.05078125 0.236328125 0.1005859375 0.0966796875
0 0.5224609375 0.17578125 0.1376953125 0.087890625
0 0.3896484375 0.109375 0.109375 0.05078125
0 0.478515625 0.095703125 0.0791015625 0.025390625
0 0.1923828125 0.4931640625 0.384765625 0.357421875
0 0.677734375 0.166015625 0.125 0.1064453125
0 0.7529296875 0.1337890625 0.068359375 0.06640625
0 0.861328125 0.099609375 0.048828125 0.0302734375
2 0.2314453125 0.443359375 0.3173828125 0.4521484375