3 0.40234375 0.4560546875 0.052734375 0.19140625
3 0.537109375 0.421875 0.0517578125 0.146484375
3 0.884765625 0.513671875 0.060546875 0.17578125
3 0.595703125 0.3740234375 0.0478515625 0.142578125
3 0.626953125 0.42578125 0.0517578125 0.171875
3 0.916015625 0.4658203125 0.0439453125 0.1376953125
3 0.8603515625 0.4296875 0.046875 0.1357421875
3 0.650390625 0.2197265625 0.0361328125 0.0576171875
0 0.7451171875 0.2890625 0.12109375 0.130859375
0 0.4501953125 0.33984375 0.1220703125 0.134765625
0 0.638671875 0.298828125 0.1123046875 0.1220703125
0 0.3828125 0.2626953125 0.09765625 0.12890625
0 0.689453125 0.384765625 0.140625 0.150390625
0 0.4462890625 0.2060546875 0.109375 0.1650390625
0 0.3388671875 0.197265625 0.0947265625 0.1220703125
0 0.5673828125 0.26171875 0.076171875 0.1201171875
3 0.9365234375 0.3017578125 0.048828125 0.05859375
0 0.3837890625 0.0478515625 0.060546875 0.0927734375
3 0.455078125 0.0263671875 0.029296875 0.052734375
0 0.5419921875 0.1513671875 0.1162109375 0.1689453125
0 0.2841796875 0.1474609375 0.0712890625 0.0927734375
0 0.904296875 0.3935546875 0.166015625 0.1640625