3 0.408203125 0.45703125 0.0634765625 0.1826171875
3 0.5380859375 0.4169921875 0.046875 0.1474609375
3 0.884765625 0.4873046875 0.0595703125 0.1474609375
3 0.587890625 0.359375 0.041015625 0.119140625
3 0.6181640625 0.4287109375 0.05078125 0.1533203125
3 0.853515625 0.416015625 0.04296875 0.1396484375
3 0.912109375 0.4443359375 0.0439453125 0.12109375
3 0.650390625 0.2177734375 0.0341796875 0.0595703125
0 0.689453125 0.3828125 0.1279296875 0.15234375
0 0.744140625 0.29296875 0.1220703125 0.1328125
0 0.4453125 0.333984375 0.1259765625 0.1376953125
0 0.390625 0.2763671875 0.08203125 0.109375
0 0.5703125 0.26171875 0.06640625 0.1201171875
0 0.458984375 0.2333984375 0.0849609375 0.1064453125
0 0.3466796875 0.19921875 0.1015625 0.1181640625
0 0.37890625 0.04296875 0.052734375 0.08203125
0 0.5361328125 0.142578125 0.1123046875 0.154296875
0 0.4521484375 0.1611328125 0.0908203125 0.072265625
0 0.8837890625 0.384765625 0.177734375 0.150390625