0 0.1845703125 0.748046875 0.3154296875 0.2744140625
3 0.4482421875 0.7216796875 0.2119140625 0.22265625
3 0.3701171875 0.490234375 0.083984375 0.18359375
1 0.2900390625 0.748046875 0.5302734375 0.2763671875
3 0.904296875 0.591796875 0.072265625 0.20703125
0 0.72265625 0.4140625 0.142578125 0.1640625
0 0.455078125 0.349609375 0.1279296875 0.1455078125
0 0.779296875 0.3203125 0.1259765625 0.1474609375
0 0.6357421875 0.30859375 0.1142578125 0.1328125
0 0.4033203125 0.271484375 0.1015625 0.125
3 0.615234375 0.4189453125 0.0537109375 0.1513671875
0 0.6552734375 0.201171875 0.1044921875 0.1064453125
0 0.951171875 0.4521484375 0.072265625 0.1435546875
3 0.6689453125 0.5224609375 0.0634765625 0.16796875
0 0.568359375 0.2626953125 0.0859375 0.119140625
0 0.447265625 0.2060546875 0.1064453125 0.158203125
0 0.345703125 0.2021484375 0.09765625 0.1201171875
3 0.888671875 0.484375 0.05859375 0.1201171875
3 0.951171875 0.5556640625 0.05859375 0.15234375
3 0.509765625 0.478515625 0.0546875 0.146484375
3 0.4990234375 0.064453125 0.0283203125 0.0546875
0 0.546875 0.1513671875 0.123046875 0.1279296875
0 0.4150390625 0.0830078125 0.0654296875 0.08984375
0 0.2822265625 0.154296875 0.076171875 0.1064453125