0 0.2724609375 0.7978515625 0.3310546875 0.318359375
3 0.42578125 0.7021484375 0.1337890625 0.2470703125
1 0.302734375 0.7666015625 0.4091796875 0.3896484375
0 0.7080078125 0.40625 0.1494140625 0.162109375
0 0.7705078125 0.3154296875 0.12890625 0.146484375
0 0.4521484375 0.345703125 0.1298828125 0.1455078125
0 0.6328125 0.3056640625 0.1142578125 0.1259765625
0 0.9404296875 0.4501953125 0.08984375 0.1748046875
0 0.3896484375 0.2666015625 0.10546875 0.1259765625
0 0.568359375 0.2646484375 0.0869140625 0.1201171875
0 0.4453125 0.2060546875 0.1083984375 0.16015625
0 0.634765625 0.193359375 0.0888671875 0.1064453125
0 0.341796875 0.2001953125 0.1025390625 0.123046875
3 0.6728515625 0.5078125 0.1044921875 0.203125
0 0.4091796875 0.080078125 0.064453125 0.087890625
3 0.91015625 0.564453125 0.1083984375 0.236328125
3 0.6103515625 0.427734375 0.0634765625 0.177734375
3 0.5205078125 0.4541015625 0.0595703125 0.173828125
3 0.384765625 0.48046875 0.0693359375 0.1728515625
3 0.8759765625 0.451171875 0.0615234375 0.15234375
3 0.4873046875 0.0595703125 0.0244140625 0.0615234375
0 0.5361328125 0.1513671875 0.1181640625 0.1328125