0 0.4375 0.8642578125 0.3466796875 0.26953125
3 0.333984375 0.728515625 0.189453125 0.1533203125
1 0.421875 0.818359375 0.3876953125 0.3623046875
3 0.388671875 0.478515625 0.0615234375 0.1572265625
0 0.6943359375 0.3994140625 0.158203125 0.162109375
0 0.44921875 0.3427734375 0.12890625 0.14453125
0 0.9326171875 0.4326171875 0.1015625 0.1767578125
0 0.7568359375 0.3076171875 0.1240234375 0.1416015625
0 0.62890625 0.2919921875 0.1123046875 0.11328125
0 0.384765625 0.2646484375 0.095703125 0.123046875
3 0.5283203125 0.4658203125 0.05078125 0.115234375
3 0.8876953125 0.5654296875 0.0693359375 0.19140625
0 0.451171875 0.2060546875 0.099609375 0.16015625
0 0.349609375 0.2021484375 0.1103515625 0.123046875
0 0.5712890625 0.263671875 0.080078125 0.1162109375
3 0.8720703125 0.4501953125 0.0498046875 0.1455078125
3 0.650390625 0.50390625 0.05859375 0.1474609375
0 0.3955078125 0.0615234375 0.0712890625 0.107421875
3 0.603515625 0.4013671875 0.0517578125 0.142578125
3 0.474609375 0.048828125 0.0390625 0.078125
3 0.9365234375 0.5146484375 0.0634765625 0.1904296875
3 0.662109375 0.2236328125 0.029296875 0.0576171875
0 0.5498046875 0.1416015625 0.1220703125 0.140625