3 0.2353515625 0.48828125 0.1240234375 0.06640625
0 0.3759765625 0.53125 0.1435546875 0.115234375
3 0.3984375 0.6015625 0.0517578125 0.146484375
3 0.6337890625 0.6787109375 0.0517578125 0.17578125
3 0.404296875 0.3251953125 0.0234375 0.0693359375
0 0.3232421875 0.3486328125 0.0576171875 0.08203125
3 0.2236328125 0.3837890625 0.0224609375 0.08203125
3 0.2119140625 0.5966796875 0.0361328125 0.1259765625
3 0.1552734375 0.34375 0.0205078125 0.0625
3 0.1318359375 0.3427734375 0.0166015625 0.056640625
3 0.154296875 0.6748046875 0.1318359375 0.208984375
3 0.13671875 0.9287109375 0.08203125 0.142578125
1 0.3095703125 0.517578125 0.2890625 0.1396484375