0 0.0986328125 0.673828125 0.1796875 0.2470703125
3 0.609375 0.8125 0.0771484375 0.1396484375
1 0.33203125 0.732421875 0.6435546875 0.388671875
3 0.3544921875 0.4853515625 0.0712890625 0.1708984375
3 0.5029296875 0.5126953125 0.0576171875 0.1865234375
1 0.615234375 0.4384765625 0.05859375 0.1708984375
3 0.90625 0.5283203125 0.0537109375 0.14453125
0 0.4677734375 0.3759765625 0.130859375 0.1533203125
3 0.7041015625 0.580078125 0.0771484375 0.2353515625
0 0.6552734375 0.3291015625 0.1240234375 0.142578125
0 0.853515625 0.380859375 0.1435546875 0.154296875
3 0.9443359375 0.619140625 0.056640625 0.1826171875
0 0.419921875 0.291015625 0.13671875 0.134765625
0 0.341796875 0.20703125 0.10546875 0.1240234375
0 0.5771484375 0.2626953125 0.10546875 0.12109375
0 0.44140625 0.2099609375 0.1201171875 0.1630859375
0 0.4853515625 0.0703125 0.08984375 0.1044921875
1 0.755859375 0.30859375 0.0498046875 0.095703125
3 0.966796875 0.5390625 0.0322265625 0.1015625
0 0.5537109375 0.1552734375 0.111328125 0.138671875
0 0.283203125 0.162109375 0.0732421875 0.1123046875
0 0.78515625 0.4814453125 0.1611328125 0.18359375
0 0.9052734375 0.330078125 0.13671875 0.1279296875