0 0.5751953125 0.716796875 0.1201171875 0.099609375
0 0.521484375 0.6884765625 0.1826171875 0.1044921875
0 0.453125 0.6103515625 0.0712890625 0.0810546875
0 0.7294921875 0.4833984375 0.0615234375 0.080078125
0 0.560546875 0.341796875 0.0244140625 0.0263671875
0 0.2353515625 0.431640625 0.0390625 0.0419921875
0 0.009765625 0.4794921875 0.01953125 0.0625
0 0.1923828125 0.4453125 0.0439453125 0.046875
0 0.12890625 0.4443359375 0.0419921875 0.0361328125
0 0.6484375 0.310546875 0.025390625 0.025390625
0 0.091796875 0.48046875 0.0595703125 0.0498046875
0 0.2421875 0.8154296875 0.1103515625 0.109375
0 0.7099609375 0.521484375 0.0576171875 0.0498046875
0 0.677734375 0.7236328125 0.103515625 0.107421875
0 0.0869140625 0.4482421875 0.0458984375 0.0341796875
0 0.595703125 0.5078125 0.0595703125 0.0439453125
0 0.630859375 0.484375 0.0654296875 0.056640625
0 0.1484375 0.8525390625 0.126953125 0.0439453125
0 0.771484375 0.46484375 0.025390625 0.0400390625
0 0.3330078125 0.7451171875 0.10546875 0.1083984375
0 0.935546875 0.2919921875 0.017578125 0.01953125
0 0.646484375 0.4658203125 0.05859375 0.04296875
0 0.7158203125 0.4208984375 0.0361328125 0.03125
0 0.6123046875 0.3232421875 0.0283203125 0.021484375
0 0.740234375 0.4033203125 0.03515625 0.0302734375
0 0.7802734375 0.419921875 0.041015625 0.0439453125
0 0.6767578125 0.587890625 0.0771484375 0.0546875
0 0.7607421875 0.3818359375 0.0341796875 0.02734375
0 0.6787109375 0.4453125 0.041015625 0.04296875
0 0.857421875 0.3125 0.0244140625 0.0244140625
0 0.7822265625 0.3701171875 0.029296875 0.02734375
0 0.8818359375 0.3232421875 0.0244140625 0.02734375
0 0.822265625 0.3916015625 0.0361328125 0.0322265625
0 0.814453125 0.3427734375 0.0263671875 0.029296875
0 0.9013671875 0.2939453125 0.025390625 0.029296875
0 0.681640625 0.4267578125 0.0361328125 0.03125
1 0.5380859375 0.708984375 0.2216796875 0.150390625
0 0.4951171875 0.6025390625 0.0615234375 0.0556640625
0 0.814453125 0.421875 0.0283203125 0.02734375