0 0.43359375 0.6015625 0.0927734375 0.068359375
0 0.462890625 0.6240234375 0.0791015625 0.068359375
0 0.6767578125 0.4384765625 0.05078125 0.0400390625
0 0.4326171875 0.6591796875 0.0810546875 0.0703125
0 0.6064453125 0.52734375 0.04296875 0.0458984375
0 0.0185546875 0.47265625 0.0361328125 0.0361328125
0 0.06640625 0.482421875 0.052734375 0.0478515625
0 0.109375 0.4775390625 0.0419921875 0.0400390625
0 0.6591796875 0.462890625 0.0478515625 0.037109375
0 0.708984375 0.4296875 0.033203125 0.03515625
0 0.15234375 0.4423828125 0.0390625 0.0322265625
0 0.572265625 0.53515625 0.0576171875 0.0517578125
0 0.3759765625 0.6923828125 0.0966796875 0.064453125
0 0.7001953125 0.478515625 0.05078125 0.0439453125
0 0.3125 0.7392578125 0.099609375 0.0810546875
0 0.7998046875 0.416015625 0.0419921875 0.048828125
0 0.150390625 0.8427734375 0.09375 0.0634765625
0 0.2373046875 0.7841796875 0.1083984375 0.087890625
0 0.865234375 0.2998046875 0.01953125 0.01953125
0 0.7626953125 0.392578125 0.0400390625 0.033203125
0 0.6123046875 0.6064453125 0.076171875 0.087890625
0 0.6806640625 0.7265625 0.1171875 0.107421875
0 0.626953125 0.3193359375 0.0263671875 0.033203125
0 0.7451171875 0.3994140625 0.0380859375 0.033203125
0 0.8271484375 0.3388671875 0.0322265625 0.03515625
0 0.427734375 0.8232421875 0.1328125 0.103515625
0 0.7177734375 0.5302734375 0.0673828125 0.0625
0 0.8017578125 0.3603515625 0.0341796875 0.03125
0 0.755859375 0.455078125 0.064453125 0.0732421875
0 0.5849609375 0.333984375 0.0263671875 0.0234375
0 0.853515625 0.349609375 0.0400390625 0.0419921875
0 0.935546875 0.2880859375 0.0146484375 0.0166015625
0 0.888671875 0.3212890625 0.025390625 0.0302734375
0 0.87890625 0.3349609375 0.02734375 0.0322265625
0 0.8974609375 0.296875 0.0224609375 0.0224609375
0 0.830078125 0.40234375 0.021484375 0.0341796875
0 0.7861328125 0.3681640625 0.03515625 0.0283203125
0 0.7177734375 0.4052734375 0.0234375 0.0283203125
4 0.4423828125 0.6328125 0.1201171875 0.1318359375
4 0.59765625 0.5791015625 0.119140625 0.150390625
4 0.73046875 0.4716796875 0.1884765625 0.181640625