0 0.3193359375 0.638671875 0.0888671875 0.0771484375
0 0.3896484375 0.693359375 0.0869140625 0.0810546875
0 0.544921875 0.5546875 0.060546875 0.052734375
0 0.1787109375 0.833984375 0.119140625 0.0771484375
0 0.3203125 0.73046875 0.09765625 0.0654296875
0 0.056640625 0.4638671875 0.046875 0.033203125
0 0.1494140625 0.46484375 0.037109375 0.0380859375
0 0.662109375 0.4580078125 0.048828125 0.0458984375
0 0.681640625 0.7236328125 0.1103515625 0.1044921875
0 0.1064453125 0.4716796875 0.04296875 0.0439453125
0 0.7109375 0.4892578125 0.0498046875 0.0439453125
0 0.587890625 0.6171875 0.0712890625 0.05859375
0 0.7041015625 0.548828125 0.0693359375 0.0576171875
0 0.6357421875 0.3212890625 0.0244140625 0.021484375
0 0.181640625 0.4345703125 0.0322265625 0.021484375
0 0.75 0.45703125 0.06640625 0.0673828125
0 0.38671875 0.8212890625 0.169921875 0.1103515625
0 0.8486328125 0.3486328125 0.0419921875 0.03515625
0 0.630859375 0.4765625 0.0283203125 0.0302734375
0 0.6923828125 0.4384765625 0.0380859375 0.0341796875
0 0.826171875 0.4111328125 0.0234375 0.0302734375
0 0.03125 0.5009765625 0.0517578125 0.044921875
0 0.2529296875 0.7744140625 0.1044921875 0.0859375
0 0.580078125 0.544921875 0.0478515625 0.048828125
0 0.6455078125 0.47265625 0.0498046875 0.0400390625
0 0.451171875 0.6513671875 0.0869140625 0.0869140625
0 0.59765625 0.330078125 0.0234375 0.0234375
0 0.015625 0.478515625 0.03125 0.0517578125
0 0.9365234375 0.287109375 0.0146484375 0.017578125
0 0.7333984375 0.408203125 0.0361328125 0.037109375
0 0.755859375 0.396484375 0.0400390625 0.03515625
0 0.779296875 0.3701171875 0.03515625 0.02734375
0 0.6630859375 0.2900390625 0.0224609375 0.015625
0 0.8173828125 0.349609375 0.0322265625 0.0322265625
0 0.7060546875 0.412109375 0.0322265625 0.0341796875
0 0.8642578125 0.3095703125 0.0234375 0.0263671875
0 0.7998046875 0.359375 0.029296875 0.0283203125
4 0.35546875 0.6708984375 0.171875 0.1376953125