0 0.33203125 0.6630859375 0.1533203125 0.087890625
0 0.35546875 0.72265625 0.0986328125 0.080078125
0 0.2841796875 0.7587890625 0.103515625 0.072265625
0 0.7177734375 0.49609375 0.0517578125 0.0458984375
0 0.6806640625 0.7255859375 0.1015625 0.103515625
0 0.568359375 0.65234375 0.080078125 0.08984375
0 0.1708984375 0.4609375 0.0390625 0.03515625
0 0.2060546875 0.8212890625 0.1083984375 0.0947265625
0 0.7490234375 0.466796875 0.0673828125 0.0771484375
0 0.0732421875 0.4580078125 0.0458984375 0.0322265625
0 0.658203125 0.4619140625 0.052734375 0.048828125
0 0.1318359375 0.4658203125 0.05078125 0.044921875
0 0.1328125 0.8564453125 0.1123046875 0.0390625
0 0.349609375 0.8359375 0.181640625 0.0791015625
0 0.794921875 0.412109375 0.04296875 0.048828125
0 0.546875 0.3466796875 0.02734375 0.02734375
0 0.6962890625 0.5654296875 0.0693359375 0.0517578125
0 0.845703125 0.3486328125 0.0400390625 0.0380859375
0 0.0224609375 0.4677734375 0.037109375 0.037109375
0 0.5283203125 0.5703125 0.064453125 0.0537109375
0 0.189453125 0.4296875 0.025390625 0.0224609375
0 0.7021484375 0.5400390625 0.05859375 0.03515625
0 0.755859375 0.404296875 0.0380859375 0.0400390625
0 0.4482421875 0.6708984375 0.0966796875 0.0927734375
0 0.5634765625 0.5595703125 0.0517578125 0.05078125
0 0.6005859375 0.3291015625 0.021484375 0.01953125
0 0.712890625 0.69921875 0.044921875 0.0537109375
0 0.6328125 0.482421875 0.0458984375 0.0380859375
0 0.685546875 0.4404296875 0.0380859375 0.0478515625
0 0.7109375 0.41796875 0.0390625 0.03515625
0 0.7353515625 0.4072265625 0.0283203125 0.03515625
0 0.8251953125 0.4140625 0.0234375 0.03515625
0 0.6376953125 0.3173828125 0.0283203125 0.0263671875
0 0.775390625 0.3720703125 0.033203125 0.0283203125
0 0.796875 0.361328125 0.029296875 0.02734375
0 0.845703125 0.3740234375 0.03125 0.03125
0 0.8154296875 0.349609375 0.03125 0.033203125
0 0.666015625 0.2890625 0.0224609375 0.0166015625
0 0.8779296875 0.3349609375 0.0263671875 0.0302734375
0 0.869140625 0.34375 0.0244140625 0.029296875
0 0.8232421875 0.337890625 0.0302734375 0.029296875
0 0.861328125 0.310546875 0.0234375 0.025390625
0 0.9365234375 0.287109375 0.0146484375 0.017578125
0 0.6962890625 0.291015625 0.0146484375 0.0166015625
0 0.896484375 0.3017578125 0.0234375 0.02734375
0 0.01171875 0.51171875 0.0234375 0.046875
0 0.720703125 0.443359375 0.033203125 0.0439453125
0 0.888671875 0.3212890625 0.0244140625 0.0302734375
0 0.064453125 0.484375 0.0556640625 0.052734375
0 0.634765625 0.2978515625 0.0224609375 0.021484375
1 0.337890625 0.6884765625 0.1748046875 0.1435546875