0 0.43359375 0.73046875 0.1162109375 0.1298828125
0 0.3896484375 0.63671875 0.0810546875 0.0771484375
0 0.5703125 0.529296875 0.0595703125 0.046875
0 0.568359375 0.337890625 0.033203125 0.0283203125
0 0.69140625 0.6142578125 0.087890625 0.08203125
0 0.1142578125 0.4453125 0.0361328125 0.0390625
0 0.275390625 0.427734375 0.021484375 0.03515625
0 0.603515625 0.5009765625 0.1220703125 0.1005859375
0 0.544921875 0.3427734375 0.01953125 0.02734375
0 0.7421875 0.525390625 0.037109375 0.0380859375
0 0.2392578125 0.4326171875 0.0439453125 0.0380859375
0 0.1630859375 0.84765625 0.1435546875 0.056640625
0 0.0576171875 0.4736328125 0.0712890625 0.0615234375
0 0.1630859375 0.4384765625 0.041015625 0.037109375
0 0.1416015625 0.466796875 0.060546875 0.04296875
0 0.654296875 0.474609375 0.0439453125 0.0419921875
0 0.6259765625 0.322265625 0.0224609375 0.021484375
0 0.7666015625 0.4794921875 0.025390625 0.048828125
0 0.63671875 0.3134765625 0.0732421875 0.0419921875
0 0.6728515625 0.455078125 0.041015625 0.044921875
0 0.7060546875 0.7333984375 0.1220703125 0.111328125
0 0.8076171875 0.431640625 0.013671875 0.029296875
0 0.4755859375 0.625 0.087890625 0.060546875
0 0.8232421875 0.39453125 0.041015625 0.0341796875
0 0.0390625 0.455078125 0.0380859375 0.0302734375
0 0.7001953125 0.5439453125 0.064453125 0.0556640625
0 0.7587890625 0.501953125 0.0341796875 0.05859375
0 0.9345703125 0.2958984375 0.0166015625 0.01953125
0 0.509765625 0.7265625 0.1572265625 0.146484375
1 0.48046875 0.728515625 0.2353515625 0.15234375