4 0.404296875 0.2041015625 0.068359375 0.072265625
4 0.580078125 0.1767578125 0.03125 0.083984375
4 0.537109375 0.115234375 0.0361328125 0.064453125
4 0.0771484375 0.376953125 0.154296875 0.109375
0 0.3349609375 0.509765625 0.107421875 0.1533203125
0 0.232421875 0.513671875 0.125 0.162109375
2 0.2822265625 0.513671875 0.208984375 0.1796875
0 0.0322265625 0.37890625 0.064453125 0.125
0 0.1005859375 0.365234375 0.115234375 0.0986328125
0 0.3935546875 0.2099609375 0.0419921875 0.0576171875
0 0.431640625 0.18359375 0.033203125 0.037109375