0 0.2216796875 0.41796875 0.26171875 0.287109375
0 0.2587890625 0.2978515625 0.1533203125 0.1083984375
0 0.60546875 0.6728515625 0.36328125 0.3701171875
3 0.3994140625 0.392578125 0.0927734375 0.1611328125
3 0.5244140625 0.4189453125 0.1259765625 0.1435546875
0 0.564453125 0.3447265625 0.150390625 0.1005859375
0 0.7041015625 0.3818359375 0.1103515625 0.1552734375
3 0.6484375 0.4501953125 0.0986328125 0.099609375
3 0.9052734375 0.8134765625 0.181640625 0.234375
0 0.8740234375 0.68359375 0.228515625 0.2880859375
0 0.8876953125 0.9345703125 0.224609375 0.130859375