0 0.3544921875 0.337890625 0.1572265625 0.185546875
0 0.2275390625 0.41015625 0.244140625 0.2392578125
0 0.1044921875 0.806640625 0.2080078125 0.38671875
3 0.4892578125 0.603515625 0.1748046875 0.2373046875
3 0.669921875 0.8291015625 0.23046875 0.2529296875
3 0.6552734375 0.6728515625 0.1279296875 0.1953125
3 0.857421875 0.841796875 0.1396484375 0.2607421875
3 0.83203125 0.6171875 0.1396484375 0.1962890625
0 0.9658203125 0.85546875 0.0673828125 0.2880859375
0 0.1123046875 0.22265625 0.05859375 0.07421875
3 0.16796875 0.2705078125 0.068359375 0.099609375
3 0.1962890625 0.224609375 0.0419921875 0.0888671875
0 0.587890625 0.4638671875 0.3896484375 0.5654296875