0 0.6123046875 0.6904296875 0.349609375 0.3359375
0 0.8134765625 0.6064453125 0.2431640625 0.3076171875
3 0.6953125 0.8828125 0.2666015625 0.234375
3 0.9150390625 0.86328125 0.169921875 0.2734375
3 0.5732421875 0.4296875 0.09375 0.1494140625
0 0.58203125 0.35546875 0.1708984375 0.126953125
0 0.224609375 0.4296875 0.2177734375 0.2744140625
0 0.185546875 0.25390625 0.1220703125 0.1005859375
0 0.7783203125 0.3203125 0.04296875 0.0712890625
3 0.119140625 0.8310546875 0.23828125 0.337890625
3 0.271484375 0.2958984375 0.0595703125 0.1083984375
3 0.3173828125 0.3515625 0.0693359375 0.1494140625