0 0.224609375 0.4326171875 0.244140625 0.26171875
0 0.3701171875 0.3876953125 0.2060546875 0.244140625
0 0.2412109375 0.7470703125 0.4716796875 0.5048828125
0 0.9033203125 0.8564453125 0.1923828125 0.287109375
3 0.6943359375 0.85546875 0.21875 0.2880859375
3 0.5546875 0.5283203125 0.126953125 0.259765625
0 0.6767578125 0.4052734375 0.1171875 0.1767578125
0 0.56640625 0.3583984375 0.146484375 0.12890625
3 0.6787109375 0.595703125 0.1162109375 0.23828125
3 0.7734375 0.59375 0.087890625 0.189453125
0 0.0908203125 0.234375 0.0576171875 0.1044921875
0 0.7685546875 0.34765625 0.0537109375 0.1142578125