0 0.23046875 0.4423828125 0.2333984375 0.2509765625
0 0.10546875 0.2197265625 0.052734375 0.0947265625
3 0.4912109375 0.595703125 0.1171875 0.25
3 0.69140625 0.8984375 0.2490234375 0.203125
0 0.7880859375 0.794921875 0.3623046875 0.380859375
0 0.8330078125 0.646484375 0.3203125 0.396484375
0 0.5458984375 0.326171875 0.1845703125 0.2216796875
0 0.7666015625 0.3330078125 0.0703125 0.1015625
0 0.67578125 0.28125 0.1025390625 0.1640625
3 0.2392578125 0.265625 0.060546875 0.099609375
3 0.171875 0.2333984375 0.0498046875 0.0810546875