3 0.1689453125 0.521484375 0.236328125 0.2724609375
3 0.126953125 0.8681640625 0.25390625 0.25
3 0.583984375 0.26171875 0.0712890625 0.1923828125
3 0.8984375 0.416015625 0.0478515625 0.1611328125
0 0.73046875 0.4755859375 0.310546875 0.44140625
3 0.91015625 0.6904296875 0.095703125 0.1376953125
0 0.7578125 0.8076171875 0.4560546875 0.384765625
0 0.423828125 0.357421875 0.224609375 0.3125
0 0.3349609375 0.138671875 0.1611328125 0.162109375
0 0.228515625 0.1455078125 0.12109375 0.1953125
3 0.1630859375 0.2041015625 0.0654296875 0.1552734375