0 0.3955078125 0.57421875 0.1513671875 0.2373046875
0 0.5673828125 0.806640625 0.228515625 0.37890625
0 0.5927734375 0.47265625 0.083984375 0.12109375
0 0.609375 0.5478515625 0.0908203125 0.1455078125
0 0.5546875 0.357421875 0.0546875 0.080078125
0 0.6328125 0.3701171875 0.0517578125 0.08203125
0 0.5244140625 0.314453125 0.0390625 0.0625
3 0.462890625 0.4150390625 0.025390625 0.08984375
0 0.6328125 0.314453125 0.037109375 0.0537109375
0 0.669921875 0.3232421875 0.029296875 0.0537109375
0 0.64453125 0.3369140625 0.041015625 0.068359375
0 0.681640625 0.283203125 0.025390625 0.0361328125
0 0.60546875 0.267578125 0.0263671875 0.0419921875
0 0.6181640625 0.2607421875 0.0166015625 0.0322265625
0 0.599609375 0.244140625 0.0185546875 0.02734375
4 0.396484375 0.56640625 0.150390625 0.2392578125
3 0.5732421875 0.310546875 0.0166015625 0.052734375
3 0.5966796875 0.3369140625 0.0126953125 0.0517578125
4 0.548828125 0.337890625 0.064453125 0.109375
4 0.462890625 0.4150390625 0.029296875 0.08984375
4 0.6015625 0.513671875 0.111328125 0.21484375
4 0.634765625 0.3701171875 0.044921875 0.0849609375
4 0.6455078125 0.326171875 0.0478515625 0.0859375