0 0.1591796875 0.8623046875 0.31640625 0.26953125
0 0.6298828125 0.3857421875 0.064453125 0.1181640625
0 0.416015625 0.55859375 0.1435546875 0.1884765625
0 0.51171875 0.37109375 0.0634765625 0.1015625
0 0.55078125 0.296875 0.033203125 0.044921875
0 0.65625 0.349609375 0.033203125 0.0654296875
0 0.6484375 0.2978515625 0.02734375 0.0458984375
0 0.599609375 0.2958984375 0.029296875 0.0419921875
3 0.7080078125 0.2744140625 0.017578125 0.0458984375
0 0.5791015625 0.2763671875 0.0234375 0.033203125
0 0.6728515625 0.2578125 0.0166015625 0.0263671875
0 0.6240234375 0.271484375 0.0234375 0.04296875
0 0.595703125 0.2509765625 0.0185546875 0.029296875
0 0.8486328125 0.2578125 0.0341796875 0.0234375