0 0.6484375 0.283203125 0.029296875 0.046875
0 0.64453125 0.35546875 0.0283203125 0.072265625
0 0.595703125 0.3076171875 0.037109375 0.0556640625
0 0.607421875 0.27734375 0.021484375 0.04296875
0 0.5 0.3525390625 0.0517578125 0.072265625
3 0.45703125 0.3447265625 0.015625 0.05859375
0 0.6259765625 0.2392578125 0.0166015625 0.025390625
0 0.6455078125 0.240234375 0.0126953125 0.0224609375
0 0.61328125 0.3935546875 0.0634765625 0.1357421875
3 0.51953125 0.642578125 0.0390625 0.224609375
3 0.357421875 0.4794921875 0.0400390625 0.1015625
3 0.220703125 0.5439453125 0.05859375 0.1474609375
0 0.3359375 0.7470703125 0.240234375 0.4365234375
0 0.705078125 0.91015625 0.197265625 0.1787109375
0 0.5478515625 0.2880859375 0.033203125 0.0556640625
3 0.5556640625 0.3544921875 0.01953125 0.0634765625
3 0.70703125 0.3359375 0.017578125 0.0517578125
4 0.619140625 0.390625 0.080078125 0.158203125
4 0.6005859375 0.2919921875 0.037109375 0.0654296875
4 0.333984375 0.703125 0.244140625 0.5322265625