3 0.3486328125 0.826171875 0.072265625 0.2919921875
3 0.228515625 0.697265625 0.0771484375 0.2333984375
3 0.28125 0.482421875 0.037109375 0.10546875
3 0.3828125 0.4072265625 0.025390625 0.111328125
0 0.537109375 0.4970703125 0.0869140625 0.171875
0 0.6904296875 0.455078125 0.0576171875 0.1240234375
0 0.6337890625 0.3740234375 0.048828125 0.0947265625
0 0.458984375 0.3974609375 0.064453125 0.0927734375
0 0.5234375 0.31640625 0.044921875 0.06640625
0 0.6083984375 0.2919921875 0.025390625 0.0419921875
0 0.669921875 0.322265625 0.033203125 0.0654296875
0 0.5703125 0.275390625 0.01953125 0.0419921875
0 0.650390625 0.2822265625 0.0205078125 0.0361328125
0 0.6630859375 0.267578125 0.0205078125 0.037109375
0 0.587890625 0.2578125 0.013671875 0.033203125
4 0.646484375 0.3544921875 0.078125 0.1357421875
4 0.42578125 0.404296875 0.12109375 0.1337890625
4 0.58984375 0.2734375 0.060546875 0.091796875