0 0.4169921875 0.6748046875 0.150390625 0.255859375
0 0.552734375 0.361328125 0.0546875 0.087890625
0 0.5361328125 0.30859375 0.0380859375 0.0595703125
0 0.6318359375 0.4267578125 0.0634765625 0.1025390625
0 0.650390625 0.3291015625 0.0390625 0.06640625
0 0.4580078125 0.3759765625 0.0712890625 0.1142578125
3 0.35546875 0.6044921875 0.046875 0.125
3 0.4599609375 0.513671875 0.029296875 0.0693359375
0 0.564453125 0.275390625 0.0302734375 0.048828125
3 0.6064453125 0.349609375 0.013671875 0.056640625
0 0.30078125 0.5146484375 0.1533203125 0.21484375
0 0.6416015625 0.296875 0.02734375 0.04296875
0 0.5859375 0.2529296875 0.0244140625 0.0419921875
3 0.58984375 0.32421875 0.009765625 0.05859375
3 0.576171875 0.3154296875 0.0126953125 0.046875
3 0.60546875 0.2958984375 0.009765625 0.04296875
3 0.6142578125 0.3203125 0.01171875 0.052734375
3 0.6220703125 0.2802734375 0.009765625 0.037109375
3 0.6005859375 0.263671875 0.0078125 0.0361328125
0 0.6513671875 0.2587890625 0.021484375 0.0498046875
0 0.623046875 0.248046875 0.013671875 0.025390625
4 0.5556640625 0.3466796875 0.056640625 0.1279296875
4 0.6484375 0.314453125 0.0390625 0.1015625
4 0.4111328125 0.6669921875 0.1640625 0.2802734375
4 0.6259765625 0.39453125 0.0615234375 0.1650390625