4 0.90625 0.197265625 0.1044921875 0.154296875
4 0.720703125 0.2001953125 0.248046875 0.162109375
4 0.470703125 0.2265625 0.1513671875 0.177734375
4 0.228515625 0.205078125 0.306640625 0.3095703125
2 0.4970703125 0.533203125 0.990234375 0.505859375
0 0.6357421875 0.5009765625 0.71875 0.4453125
0 0.2880859375 0.5478515625 0.5673828125 0.4765625
0 0.6484375 0.2099609375 0.1015625 0.111328125
0 0.90625 0.212890625 0.0859375 0.109375
0 0.2607421875 0.2587890625 0.169921875 0.1611328125
0 0.17578125 0.1796875 0.2001953125 0.2578125
0 0.4658203125 0.2548828125 0.142578125 0.1220703125
0 0.97265625 0.255859375 0.0546875 0.126953125
0 0.70703125 0.173828125 0.072265625 0.083984375
0 0.8076171875 0.166015625 0.0654296875 0.0703125
0 0.564453125 0.1640625 0.0751953125 0.064453125