3 0.78125 0.416015625 0.0234375 0.072265625
0 0.681640625 0.359375 0.0419921875 0.0595703125
0 0.17578125 0.2822265625 0.05078125 0.0322265625
0 0.7392578125 0.357421875 0.04296875 0.0712890625
0 0.861328125 0.322265625 0.0634765625 0.0390625
0 0.7919921875 0.3544921875 0.04296875 0.064453125
0 0.3896484375 0.2822265625 0.048828125 0.037109375
0 0.6474609375 0.3212890625 0.037109375 0.060546875
3 0.6123046875 0.3173828125 0.01171875 0.0439453125
0 0.572265625 0.34765625 0.041015625 0.052734375
3 0.5380859375 0.341796875 0.0146484375 0.0576171875
3 0.5283203125 0.3037109375 0.0107421875 0.041015625
3 0.5400390625 0.3017578125 0.005859375 0.033203125
3 0.5517578125 0.310546875 0.0068359375 0.0419921875
3 0.5595703125 0.3125 0.0068359375 0.0302734375
3 0.591796875 0.3115234375 0.0087890625 0.041015625
4 0.572265625 0.333984375 0.044921875 0.080078125
0 0.5673828125 0.2861328125 0.056640625 0.0400390625
0 0.71484375 0.3046875 0.0556640625 0.03515625
0 0.7333984375 0.3310546875 0.03125 0.0419921875
4 0.73828125 0.34765625 0.041015625 0.076171875
0 0.81640625 0.318359375 0.0556640625 0.0478515625
4 0.8408203125 0.3193359375 0.0986328125 0.0439453125
4 0.7890625 0.38671875 0.0478515625 0.1337890625
3 0.8212890625 0.345703125 0.0126953125 0.0498046875
0 0.255859375 0.2724609375 0.0546875 0.0380859375
0 0.30859375 0.2783203125 0.044921875 0.03515625