0 0.41796875 0.3720703125 0.1572265625 0.1904296875
0 0.3125 0.291015625 0.1044921875 0.12890625
0 0.248046875 0.23046875 0.072265625 0.09765625
0 0.6826171875 0.294921875 0.0869140625 0.0908203125
0 0.890625 0.8681640625 0.0986328125 0.2509765625
0 0.6181640625 0.291015625 0.078125 0.1025390625
0 0.9189453125 0.443359375 0.0400390625 0.08203125
0 0.1962890625 0.1943359375 0.0537109375 0.0830078125
0 0.8154296875 0.306640625 0.0654296875 0.064453125
0 0.8818359375 0.375 0.029296875 0.064453125
0 0.095703125 0.1396484375 0.029296875 0.0419921875
3 0.11328125 0.2138671875 0.0205078125 0.072265625
3 0.1748046875 0.2109375 0.0224609375 0.0693359375
3 0.1416015625 0.2041015625 0.0107421875 0.0498046875
3 0.6064453125 0.3369140625 0.05078125 0.0810546875