0 0.046875 0.3388671875 0.0830078125 0.0693359375
0 0.6455078125 0.3193359375 0.0302734375 0.0576171875
0 0.73828125 0.3603515625 0.041015625 0.0732421875
0 0.1083984375 0.275390625 0.05859375 0.037109375
0 0.7919921875 0.35546875 0.0400390625 0.0625
0 0.5791015625 0.3212890625 0.037109375 0.0537109375
0 0.7939453125 0.26953125 0.021484375 0.029296875
0 0.4033203125 0.2470703125 0.0302734375 0.03125
0 0.8955078125 0.3330078125 0.0537109375 0.06640625
0 0.1533203125 0.3515625 0.0791015625 0.0439453125
0 0.220703125 0.2724609375 0.0205078125 0.0263671875
0 0.08203125 0.2734375 0.01953125 0.0302734375
3 0.5224609375 0.373046875 0.0185546875 0.0693359375
3 0.61328125 0.3173828125 0.0107421875 0.0400390625
3 0.240234375 0.2724609375 0.015625 0.029296875
3 0.162109375 0.283203125 0.0166015625 0.03125
3 0.7734375 0.3271484375 0.0126953125 0.0390625
0 0.732421875 0.3251953125 0.033203125 0.0244140625
4 0.7373046875 0.3505859375 0.048828125 0.0927734375
4 0.7900390625 0.341796875 0.0498046875 0.0849609375