0 0.1943359375 0.830078125 0.21875 0.3388671875
0 0.392578125 0.400390625 0.064453125 0.1025390625
0 0.4140625 0.3017578125 0.041015625 0.068359375
0 0.4775390625 0.40234375 0.060546875 0.08984375
0 0.5419921875 0.3564453125 0.044921875 0.078125
0 0.9775390625 0.35546875 0.0419921875 0.0625
0 0.50390625 0.3359375 0.037109375 0.0537109375
0 0.736328125 0.2646484375 0.017578125 0.0263671875
0 0.6484375 0.234375 0.021484375 0.0205078125
0 0.58984375 0.3759765625 0.02734375 0.076171875
0 0.81640625 0.2919921875 0.0810546875 0.04296875
0 0.8056640625 0.2890625 0.0283203125 0.029296875
3 0.298828125 0.4052734375 0.0263671875 0.1044921875
3 0.3681640625 0.337890625 0.0205078125 0.048828125
3 0.4365234375 0.552734375 0.0400390625 0.16796875
3 0.505859375 0.6005859375 0.046875 0.1845703125
4 0.388671875 0.380859375 0.068359375 0.1376953125
4 0.5478515625 0.361328125 0.115234375 0.1279296875
4 0.474609375 0.52734375 0.115234375 0.3388671875