0 0.2255859375 0.328125 0.0830078125 0.060546875
0 0.0888671875 0.3427734375 0.068359375 0.0751953125
3 0.875 0.3583984375 0.0166015625 0.0439453125
0 0.3896484375 0.294921875 0.048828125 0.0400390625
0 0.806640625 0.275390625 0.0263671875 0.03125
0 0.0302734375 0.3388671875 0.05859375 0.0625
3 0.6142578125 0.35546875 0.015625 0.0537109375
0 0.6806640625 0.296875 0.044921875 0.0322265625
0 0.3291015625 0.3046875 0.0400390625 0.0361328125
0 0.7373046875 0.357421875 0.0419921875 0.0634765625
0 0.7294921875 0.3349609375 0.03515625 0.0439453125
0 0.6455078125 0.3193359375 0.033203125 0.0625
0 0.7919921875 0.357421875 0.04296875 0.0625
0 0.7783203125 0.3271484375 0.0234375 0.041015625
4 0.736328125 0.3515625 0.0439453125 0.0810546875
0 0.580078125 0.3232421875 0.044921875 0.0712890625
0 0.5927734375 0.287109375 0.0517578125 0.03515625
4 0.583984375 0.3134765625 0.052734375 0.10546875
4 0.6630859375 0.318359375 0.078125 0.0693359375