0 0.5205078125 0.7080078125 0.12109375 0.3017578125
0 0.279296875 0.4462890625 0.103515625 0.12890625
0 0.400390625 0.4111328125 0.072265625 0.1416015625
0 0.505859375 0.4267578125 0.06640625 0.1240234375
0 0.74609375 0.671875 0.17578125 0.365234375
0 0.5 0.3447265625 0.048828125 0.0791015625
0 0.427734375 0.287109375 0.0380859375 0.0595703125
0 0.46484375 0.29296875 0.0322265625 0.0556640625
0 0.50390625 0.2939453125 0.0302734375 0.048828125
3 0.556640625 0.3662109375 0.01953125 0.0732421875
0 0.3916015625 0.3291015625 0.05078125 0.08203125
0 0.3525390625 0.328125 0.03515625 0.0927734375
3 0.54296875 0.353515625 0.017578125 0.0615234375
4 0.3779296875 0.330078125 0.0791015625 0.091796875
4 0.505859375 0.38671875 0.06640625 0.2333984375
4 0.548828125 0.365234375 0.0322265625 0.0859375
4 0.4453125 0.2890625 0.0654296875 0.0693359375
4 0.3984375 0.388671875 0.072265625 0.18359375