0 0.451171875 0.4111328125 0.1533203125 0.185546875
0 0.3447265625 0.310546875 0.1015625 0.1298828125
0 0.27734375 0.25 0.0693359375 0.0986328125
0 0.7158203125 0.3125 0.087890625 0.0927734375
0 0.9052734375 0.8857421875 0.0732421875 0.2275390625
0 0.6474609375 0.3095703125 0.078125 0.10546875
0 0.8388671875 0.3251953125 0.0615234375 0.0654296875
0 0.2275390625 0.2138671875 0.056640625 0.080078125
0 0.2763671875 0.193359375 0.04296875 0.0361328125
0 0.130859375 0.1787109375 0.0224609375 0.0322265625
3 0.6376953125 0.3525390625 0.048828125 0.0830078125
3 0.177734375 0.2421875 0.0146484375 0.0517578125
3 0.240234375 0.4189453125 0.0380859375 0.13671875
3 0.1591796875 0.2294921875 0.0126953125 0.044921875
3 0.2470703125 0.29296875 0.0263671875 0.0751953125
3 0.3564453125 0.2236328125 0.01953125 0.05859375