0 0.4970703125 0.5107421875 0.107421875 0.1513671875
3 0.8671875 0.3896484375 0.0205078125 0.060546875
0 0.3525390625 0.6787109375 0.189453125 0.234375
0 0.55859375 0.6748046875 0.1357421875 0.2119140625
0 0.634765625 0.462890625 0.087890625 0.1328125
0 0.44140625 0.4365234375 0.0751953125 0.0888671875
0 0.748046875 0.40625 0.0498046875 0.080078125
0 0.5576171875 0.4306640625 0.0732421875 0.099609375
0 0.501953125 0.3818359375 0.056640625 0.068359375
3 0.7998046875 0.509765625 0.0263671875 0.0830078125
0 0.744140625 0.365234375 0.0419921875 0.0537109375
0 0.6953125 0.34375 0.0390625 0.0595703125
0 0.5888671875 0.3857421875 0.0478515625 0.0673828125
0 0.6708984375 0.419921875 0.0498046875 0.0869140625
0 0.5771484375 0.3154296875 0.037109375 0.0537109375
0 0.099609375 0.2900390625 0.0439453125 0.041015625
0 0.681640625 0.3701171875 0.0390625 0.0595703125
0 0.1494140625 0.3173828125 0.052734375 0.044921875
0 0.1796875 0.28125 0.0458984375 0.0390625
3 0.79296875 0.3310546875 0.0087890625 0.046875
3 0.7822265625 0.333984375 0.0087890625 0.0537109375
3 0.771484375 0.333984375 0.01171875 0.052734375
3 0.7568359375 0.3173828125 0.009765625 0.0341796875
3 0.6689453125 0.3193359375 0.013671875 0.044921875
3 0.611328125 0.3037109375 0.01171875 0.0263671875
3 0.5419921875 0.306640625 0.017578125 0.0498046875