0 0.095703125 0.8740234375 0.19140625 0.2509765625
0 0.421875 0.3642578125 0.0341796875 0.052734375
0 0.5634765625 0.400390625 0.037109375 0.0673828125
3 0.5068359375 0.50390625 0.0224609375 0.0791015625
3 0.6884765625 0.421875 0.017578125 0.056640625
0 0.099609375 0.361328125 0.0693359375 0.0498046875
3 0.455078125 0.3662109375 0.0107421875 0.02734375
0 0.603515625 0.3828125 0.025390625 0.044921875
0 0.6220703125 0.3994140625 0.033203125 0.0546875
0 0.2646484375 0.2939453125 0.0205078125 0.03125
0 0.556640625 0.373046875 0.0322265625 0.052734375
3 0.7099609375 0.5830078125 0.0322265625 0.1044921875
0 0.1640625 0.298828125 0.0322265625 0.0234375
3 0.509765625 0.42578125 0.0146484375 0.0400390625
3 0.5849609375 0.3837890625 0.013671875 0.056640625
0 0.2470703125 0.294921875 0.0185546875 0.03125
3 0.349609375 0.359375 0.0146484375 0.0458984375
3 0.3662109375 0.357421875 0.0126953125 0.048828125
3 0.3818359375 0.3564453125 0.017578125 0.0546875
3 0.400390625 0.35546875 0.013671875 0.046875
3 0.7060546875 0.5107421875 0.025390625 0.0927734375
3 0.69921875 0.349609375 0.0205078125 0.03515625
4 0.712890625 0.5634765625 0.0458984375 0.1923828125
4 0.5625 0.392578125 0.046875 0.1044921875
4 0.6142578125 0.390625 0.0537109375 0.095703125
4 0.3916015625 0.357421875 0.1015625 0.072265625