0 0.4892578125 0.4130859375 0.0478515625 0.078125
0 0.552734375 0.4306640625 0.046875 0.080078125
0 0.4560546875 0.373046875 0.0380859375 0.064453125
0 0.4208984375 0.3642578125 0.0322265625 0.0556640625
0 0.509765625 0.3896484375 0.0361328125 0.064453125
0 0.564453125 0.3974609375 0.03515625 0.05859375
0 0.6220703125 0.3974609375 0.0322265625 0.0517578125
0 0.55859375 0.3681640625 0.0302734375 0.0458984375
3 0.5458984375 0.4921875 0.0361328125 0.087890625
0 0.6025390625 0.3828125 0.025390625 0.0458984375
0 0.24609375 0.294921875 0.0234375 0.02734375
3 0.625 0.4140625 0.01953125 0.0478515625
3 0.3505859375 0.36328125 0.0126953125 0.0361328125
3 0.53125 0.3671875 0.013671875 0.04296875
0 0.2646484375 0.294921875 0.01953125 0.0302734375
3 0.365234375 0.357421875 0.01171875 0.0458984375
3 0.380859375 0.353515625 0.015625 0.0498046875
3 0.400390625 0.3544921875 0.013671875 0.044921875
3 0.595703125 0.3984375 0.0185546875 0.0576171875
3 0.5849609375 0.3837890625 0.0146484375 0.0556640625
3 0.5380859375 0.36328125 0.01171875 0.044921875
3 0.470703125 0.443359375 0.0244140625 0.0712890625
3 0.697265625 0.35546875 0.021484375 0.0419921875
3 0.7236328125 0.361328125 0.02734375 0.041015625
0 0.22265625 0.296875 0.0244140625 0.0341796875
4 0.5908203125 0.3955078125 0.0185546875 0.072265625
4 0.6181640625 0.400390625 0.048828125 0.09765625
4 0.5576171875 0.4091796875 0.0498046875 0.134765625
4 0.5341796875 0.3662109375 0.0166015625 0.0498046875
4 0.498046875 0.404296875 0.052734375 0.0947265625
4 0.486328125 0.421875 0.0576171875 0.1015625
4 0.44140625 0.369140625 0.068359375 0.0693359375
4 0.3759765625 0.3564453125 0.0654296875 0.0615234375