0 0.4716796875 0.4091796875 0.150390625 0.185546875
0 0.3681640625 0.3115234375 0.103515625 0.1279296875
0 0.302734375 0.251953125 0.072265625 0.0966796875
0 0.669921875 0.3193359375 0.0810546875 0.107421875
0 0.7431640625 0.32421875 0.08984375 0.0947265625
0 0.251953125 0.2158203125 0.0556640625 0.0810546875
0 0.8662109375 0.333984375 0.068359375 0.0673828125
0 0.9169921875 0.890625 0.052734375 0.21875
0 0.15234375 0.173828125 0.0185546875 0.029296875
3 0.65625 0.35546875 0.046875 0.099609375
3 0.193359375 0.294921875 0.01953125 0.0654296875
3 0.2236328125 0.2646484375 0.015625 0.0498046875
3 0.1767578125 0.22265625 0.0107421875 0.037109375
3 0.2158203125 0.20703125 0.0166015625 0.041015625
3 0.818359375 0.326171875 0.029296875 0.0546875