0 0.22265625 0.2802734375 0.05078125 0.0390625
0 0.6689453125 0.291015625 0.060546875 0.0439453125
0 0.330078125 0.2783203125 0.0576171875 0.033203125
3 0.513671875 0.3701171875 0.0185546875 0.048828125
0 0.17578125 0.2763671875 0.0478515625 0.029296875
0 0.4873046875 0.453125 0.080078125 0.0927734375
0 0.791015625 0.357421875 0.037109375 0.056640625
0 0.302734375 0.275390625 0.03515625 0.0302734375
0 0.7373046875 0.3505859375 0.04296875 0.080078125
0 0.6455078125 0.3193359375 0.03515625 0.0595703125
3 0.541015625 0.3095703125 0.0107421875 0.0400390625
3 0.6123046875 0.3173828125 0.01171875 0.0439453125
0 0.580078125 0.3251953125 0.033203125 0.046875
3 0.5537109375 0.322265625 0.013671875 0.05078125
4 0.5634765625 0.3193359375 0.0693359375 0.0625
4 0.6611328125 0.3125 0.0693359375 0.083984375
4 0.318359375 0.2783203125 0.072265625 0.037109375
4 0.201171875 0.2763671875 0.1015625 0.041015625