0 0.56640625 0.4453125 0.0537109375 0.109375
0 0.4853515625 0.33203125 0.0537109375 0.044921875
0 0.0166015625 0.3603515625 0.033203125 0.044921875
0 0.552734375 0.3349609375 0.0517578125 0.041015625
0 0.375 0.302734375 0.04296875 0.029296875
0 0.326171875 0.3017578125 0.02734375 0.0263671875
0 0.234375 0.3017578125 0.0185546875 0.03125
0 0.095703125 0.33984375 0.04296875 0.037109375
0 0.4345703125 0.291015625 0.0166015625 0.0166015625
0 0.7373046875 0.3662109375 0.05078125 0.05078125
0 0.267578125 0.2919921875 0.0185546875 0.0234375
0 0.5283203125 0.287109375 0.0087890625 0.0166015625
0 0.55078125 0.30078125 0.01953125 0.0283203125
3 0.2978515625 0.4375 0.021484375 0.080078125
3 0.3828125 0.3515625 0.0126953125 0.04296875
3 0.2041015625 0.3125 0.009765625 0.033203125
3 0.3544921875 0.384765625 0.0146484375 0.056640625
3 0.701171875 0.3466796875 0.021484375 0.0439453125
3 0.689453125 0.337890625 0.0224609375 0.0390625
0 0.240234375 0.2880859375 0.0224609375 0.03125
4 0.2265625 0.2978515625 0.1142578125 0.0673828125
4 0.7197265625 0.3544921875 0.0849609375 0.0791015625