0 0.24609375 0.6572265625 0.150390625 0.2333984375
0 0.46875 0.5361328125 0.0986328125 0.23046875
0 0.6015625 0.7568359375 0.140625 0.302734375
0 0.341796875 0.37890625 0.0625 0.095703125
0 0.416015625 0.3857421875 0.052734375 0.091796875
0 0.5546875 0.4287109375 0.0595703125 0.109375
0 0.544921875 0.30078125 0.0341796875 0.068359375
0 0.0224609375 0.8212890625 0.044921875 0.20703125
0 0.5029296875 0.3037109375 0.033203125 0.068359375
0 0.478515625 0.390625 0.0595703125 0.08984375
3 0.1806640625 0.474609375 0.0498046875 0.0888671875
4 0.4716796875 0.498046875 0.08984375 0.3056640625