3 0.580078125 0.3994140625 0.0146484375 0.0498046875
3 0.01171875 0.3349609375 0.0205078125 0.041015625
3 0.35546875 0.365234375 0.01171875 0.0400390625
3 0.548828125 0.384765625 0.01171875 0.0341796875
3 0.3984375 0.3671875 0.0107421875 0.0341796875
3 0.6328125 0.7001953125 0.0419921875 0.134765625
3 0.3818359375 0.3681640625 0.0126953125 0.0380859375
0 0.369140625 0.357421875 0.0302734375 0.052734375
3 0.693359375 0.3466796875 0.013671875 0.02734375
3 0.7001953125 0.3447265625 0.0166015625 0.0322265625
3 0.7080078125 0.3466796875 0.0146484375 0.0341796875
3 0.4150390625 0.357421875 0.013671875 0.0478515625
3 0.20703125 0.2919921875 0.009765625 0.0244140625
4 0.3681640625 0.3603515625 0.0400390625 0.0703125