3 0.4033203125 0.482421875 0.0263671875 0.0986328125
3 0.4970703125 0.3759765625 0.017578125 0.0615234375
3 0.4560546875 0.4287109375 0.0234375 0.0625
3 0.318359375 0.5712890625 0.041015625 0.1455078125
3 0.3310546875 0.427734375 0.021484375 0.0693359375
3 0.107421875 0.873046875 0.111328125 0.25390625
3 0.220703125 0.4365234375 0.0498046875 0.1220703125
3 0.3984375 0.380859375 0.0244140625 0.08984375
0 0.5009765625 0.314453125 0.037109375 0.0634765625
0 0.3388671875 0.9267578125 0.2138671875 0.1455078125
3 0.3828125 0.357421875 0.021484375 0.06640625
4 0.5009765625 0.3466796875 0.037109375 0.12890625
3 0.322265625 0.3857421875 0.0205078125 0.0537109375