0 0.6708984375 0.560546875 0.099609375 0.18359375
0 0.35546875 0.31640625 0.0498046875 0.0380859375
0 0.4384765625 0.318359375 0.0419921875 0.0302734375
0 0.19921875 0.3115234375 0.0263671875 0.02734375
0 0.2607421875 0.2978515625 0.0185546875 0.025390625
0 0.244140625 0.294921875 0.0185546875 0.021484375
0 0.3408203125 0.30078125 0.0361328125 0.0341796875
3 0.3837890625 0.3583984375 0.01953125 0.0439453125
3 0.5791015625 0.34375 0.0185546875 0.041015625
3 0.6884765625 0.33984375 0.017578125 0.025390625
3 0.69921875 0.3447265625 0.0185546875 0.03515625
3 0.7060546875 0.345703125 0.01953125 0.03125
3 0.0361328125 0.3466796875 0.0185546875 0.0458984375
3 0.07421875 0.3310546875 0.017578125 0.041015625
3 0.1015625 0.330078125 0.013671875 0.041015625
3 0.1279296875 0.330078125 0.013671875 0.0361328125
3 0.169921875 0.3115234375 0.0146484375 0.037109375
4 0.3505859375 0.30078125 0.0673828125 0.07421875
4 0.2177734375 0.3056640625 0.1142578125 0.060546875
4 0.083984375 0.3330078125 0.11328125 0.064453125